 1.00000e-06   3.11018e+00  -3.02123e-08
 6.00000e-06   3.11018e+00  -1.45320e-07
 3.10000e-05   3.11018e+00   1.77974e-07
 1.56000e-04   3.11018e+00   2.42631e-05
 7.81000e-04   3.11018e+00   7.05036e-04
 2.38434e-03   3.11018e+00   6.61374e-03
 4.51744e-03   3.11021e+00   2.27351e-02
 6.33945e-03   3.11027e+00   4.19804e-02
 8.16146e-03   3.11037e+00   6.36645e-02
 9.98347e-03   3.11050e+00   8.49882e-02
 1.18055e-02   3.11067e+00   1.03220e-01
 1.36738e-02   3.11088e+00   1.16300e-01
 1.56931e-02   3.11112e+00   1.22146e-01
 1.77123e-02   3.11137e+00   1.18642e-01
 1.94514e-02   3.11157e+00   1.08611e-01
 2.11905e-02   3.11174e+00   9.33576e-02
 2.29296e-02   3.11189e+00   7.46840e-02
 2.46687e-02   3.11200e+00   5.47574e-02
 2.64077e-02   3.11208e+00   3.58650e-02
 2.81468e-02   3.11213e+00   2.01637e-02
 2.98859e-02   3.11215e+00   9.44334e-03
 3.16250e-02   3.11216e+00   4.92597e-03
 3.34250e-02   3.11217e+00   7.32077e-03
 3.53960e-02   3.11220e+00   1.77952e-02
 3.72718e-02   3.11225e+00   3.39684e-02
 3.92181e-02   3.11233e+00   5.47351e-02
 4.11644e-02   3.11246e+00   7.65319e-02
 4.31107e-02   3.11263e+00   9.61653e-02
 4.50570e-02   3.11283e+00   1.10796e-01
 4.72387e-02   3.11308e+00   1.18741e-01
 4.90896e-02   3.11330e+00   1.17528e-01
 5.09404e-02   3.11351e+00   1.09247e-01
 5.27913e-02   3.11370e+00   9.50711e-02
 5.46421e-02   3.11386e+00   7.69099e-02
 5.64930e-02   3.11399e+00   5.71550e-02
 5.83438e-02   3.11407e+00   3.83736e-02
 6.01947e-02   3.11413e+00   2.29902e-02
 6.20455e-02   3.11416e+00   1.29854e-02
 6.38964e-02   3.11418e+00   9.64524e-03
 6.57472e-02   3.11420e+00   1.33895e-02
 6.78251e-02   3.11424e+00   2.53665e-02
 6.97304e-02   3.11431e+00   4.19064e-02
 7.16358e-02   3.11440e+00   6.13638e-02
 7.35412e-02   3.11454e+00   8.09901e-02
 7.54466e-02   3.11471e+00   9.80355e-02
 7.73520e-02   3.11491e+00   1.10150e-01
 7.94625e-02   3.11515e+00   1.15886e-01
 8.13197e-02   3.11536e+00   1.13604e-01
 8.31769e-02   3.11557e+00   1.04847e-01
 8.50340e-02   3.11575e+00   9.08533e-02
 8.68912e-02   3.11590e+00   7.35153e-02
 8.87484e-02   3.11602e+00   5.51261e-02
 9.06056e-02   3.11611e+00   3.80877e-02
 9.24628e-02   3.11617e+00   2.46109e-02
 9.43200e-02   3.11620e+00   1.64389e-02
 9.61771e-02   3.11623e+00   1.46231e-02
 9.80893e-02   3.11626e+00   1.96184e-02
 1.00320e-01   3.11632e+00   3.32262e-02
 1.02211e-01   3.11640e+00   4.94620e-02
 1.04103e-01   3.11651e+00   6.76269e-02
 1.05995e-01   3.11665e+00   8.51952e-02
 1.07886e-01   3.11683e+00   9.97503e-02
 1.09884e-01   3.11704e+00   1.09690e-01
 1.11842e-01   3.11726e+00   1.12676e-01
 1.13847e-01   3.11748e+00   1.08459e-01
 1.15852e-01   3.11769e+00   9.76459e-02
 1.17858e-01   3.11787e+00   8.19844e-02
 1.19863e-01   3.11802e+00   6.39146e-02
 1.21869e-01   3.11813e+00   4.61989e-02
 1.23874e-01   3.11820e+00   3.15172e-02
 1.25880e-01   3.11826e+00   2.20772e-02
 1.27885e-01   3.11830e+00   1.92896e-02
 1.29891e-01   3.11834e+00   2.35501e-02
 1.32129e-01   3.11840e+00   3.57453e-02
 1.34058e-01   3.11849e+00   5.07911e-02
 1.35987e-01   3.11860e+00   6.77520e-02
 1.37916e-01   3.11875e+00   8.41755e-02
 1.39845e-01   3.11892e+00   9.77150e-02
 1.41885e-01   3.11913e+00   1.06808e-01
 1.43879e-01   3.11935e+00   1.09240e-01
 1.45902e-01   3.11957e+00   1.04917e-01
 1.47926e-01   3.11977e+00   9.45495e-02
 1.49949e-01   3.11995e+00   7.98407e-02
 1.51973e-01   3.12009e+00   6.31229e-02
 1.53996e-01   3.12020e+00   4.69953e-02
 1.56020e-01   3.12028e+00   3.39370e-02
 1.58044e-01   3.12034e+00   2.59410e-02
 1.60067e-01   3.12039e+00   2.42146e-02
 1.62091e-01   3.12045e+00   2.89897e-02
 1.64476e-01   3.12053e+00   4.18374e-02
 1.66407e-01   3.12062e+00   5.61019e-02
 1.68338e-01   3.12075e+00   7.16069e-02
 1.70269e-01   3.12090e+00   8.61105e-02
 1.72200e-01   3.12108e+00   9.75466e-02
 1.74367e-01   3.12130e+00   1.04789e-01
 1.76371e-01   3.12151e+00   1.05248e-01
 1.78376e-01   3.12172e+00   9.97384e-02
 1.80380e-01   3.12191e+00   8.92127e-02
 1.82384e-01   3.12207e+00   7.53533e-02
 1.84389e-01   3.12221e+00   6.03067e-02
 1.86393e-01   3.12231e+00   4.63606e-02
 1.88397e-01   3.12239e+00   3.56117e-02
 1.90402e-01   3.12246e+00   2.96613e-02
 1.92406e-01   3.12252e+00   2.93785e-02
 1.94488e-01   3.12258e+00   3.50770e-02
 1.96653e-01   3.12267e+00   4.64106e-02
 1.98843e-01   3.12279e+00   6.13536e-02
 2.00774e-01   3.12292e+00   7.52267e-02
 2.02705e-01   3.12308e+00   8.76630e-02
 2.04697e-01   3.12326e+00   9.71317e-02
 2.07115e-01   3.12351e+00   1.02138e-01
 2.09098e-01   3.12371e+00   1.00323e-01
 2.11081e-01   3.12390e+00   9.35338e-02
 2.13064e-01   3.12408e+00   8.28779e-02
 2.15047e-01   3.12423e+00   7.00049e-02
 2.17031e-01   3.12435e+00   5.68539e-02
 2.19014e-01   3.12445e+00   4.53725e-02
 2.20997e-01   3.12454e+00   3.72414e-02
 2.22980e-01   3.12460e+00   3.36346e-02
 2.24999e-01   3.12467e+00   3.51197e-02
 2.27230e-01   3.12476e+00   4.24465e-02
 2.29315e-01   3.12486e+00   5.34372e-02
 2.31400e-01   3.12498e+00   6.65138e-02
 2.33486e-01   3.12514e+00   7.94622e-02
 2.35571e-01   3.12531e+00   9.01263e-02
 2.37749e-01   3.12552e+00   9.69632e-02
 2.39860e-01   3.12572e+00   9.83506e-02
 2.41972e-01   3.12593e+00   9.44591e-02
 2.44083e-01   3.12612e+00   8.60706e-02
 2.46195e-01   3.12629e+00   7.46935e-02
 2.48306e-01   3.12644e+00   6.22909e-02
 2.50417e-01   3.12655e+00   5.09530e-02
 2.52529e-01   3.12665e+00   4.25593e-02
 2.54640e-01   3.12674e+00   3.84777e-02
 2.56752e-01   3.12682e+00   3.93424e-02
 2.59024e-01   3.12691e+00   4.55431e-02
 2.61163e-01   3.12702e+00   5.52342e-02
 2.63302e-01   3.12715e+00   6.68821e-02
 2.65441e-01   3.12731e+00   7.84101e-02
 2.67581e-01   3.12749e+00   8.78030e-02
 2.69839e-01   3.12769e+00   9.36574e-02
 2.71993e-01   3.12789e+00   9.44389e-02
 2.74148e-01   3.12809e+00   9.05109e-02
 2.76303e-01   3.12828e+00   8.26892e-02
 2.78458e-01   3.12845e+00   7.24369e-02
 2.80612e-01   3.12859e+00   6.15925e-02
 2.82767e-01   3.12872e+00   5.20510e-02
 2.84922e-01   3.12882e+00   4.54470e-02
 2.87076e-01   3.12891e+00   4.28829e-02
 2.89231e-01   3.12901e+00   4.47438e-02
 2.91711e-01   3.12913e+00   5.18074e-02
 2.93870e-01   3.12925e+00   6.09379e-02
 2.96030e-01   3.12939e+00   7.10944e-02
 2.98189e-01   3.12955e+00   8.04431e-02
 3.00349e-01   3.12974e+00   8.73423e-02
 3.02953e-01   3.12997e+00   9.08158e-02
 3.05089e-01   3.13016e+00   8.92517e-02
 3.07225e-01   3.13035e+00   8.40923e-02
 3.09361e-01   3.13052e+00   7.63312e-02
 3.11497e-01   3.13067e+00   6.73683e-02
 3.13633e-01   3.13081e+00   5.87626e-02
 3.15769e-01   3.13093e+00   5.19724e-02
 3.17905e-01   3.13103e+00   4.81179e-02
 3.20098e-01   3.13114e+00   4.78403e-02
 3.22468e-01   3.13125e+00   5.16775e-02
 3.24725e-01   3.13138e+00   5.85031e-02
 3.27067e-01   3.13153e+00   6.73386e-02
 3.29409e-01   3.13169e+00   7.60857e-02
 3.31751e-01   3.13188e+00   8.29265e-02
 3.34276e-01   3.13209e+00   8.66303e-02
 3.36525e-01   3.13229e+00   8.61399e-02
 3.38774e-01   3.13248e+00   8.22984e-02
 3.41024e-01   3.13266e+00   7.59623e-02
 3.43273e-01   3.13282e+00   6.84184e-02
 3.45522e-01   3.13297e+00   6.11277e-02
 3.47771e-01   3.13310e+00   5.54533e-02
 3.50020e-01   3.13322e+00   5.24158e-02
 3.52339e-01   3.13334e+00   5.25664e-02
 3.54900e-01   3.13348e+00   5.64222e-02
 3.57273e-01   3.13362e+00   6.25268e-02
 3.59645e-01   3.13378e+00   6.96558e-02
 3.62017e-01   3.13395e+00   7.62506e-02
 3.64389e-01   3.13414e+00   8.09329e-02
 3.66942e-01   3.13435e+00   8.28168e-02
 3.69495e-01   3.13456e+00   8.11692e-02
 3.72048e-01   3.13476e+00   7.65833e-02
 3.74601e-01   3.13494e+00   7.03229e-02
 3.77154e-01   3.13512e+00   6.39771e-02
 3.79707e-01   3.13527e+00   5.90707e-02
 3.82260e-01   3.13542e+00   5.67124e-02
 3.84813e-01   3.13556e+00   5.73501e-02
 3.87753e-01   3.13574e+00   6.13729e-02
 3.90212e-01   3.13590e+00   6.64028e-02
 3.92671e-01   3.13607e+00   7.16627e-02
 3.95130e-01   3.13625e+00   7.59451e-02
 3.97875e-01   3.13646e+00   7.84756e-02
 4.00362e-01   3.13666e+00   7.82945e-02
 4.02849e-01   3.13685e+00   7.59682e-02
 4.05336e-01   3.13703e+00   7.21867e-02
 4.07823e-01   3.13721e+00   6.79164e-02
 4.10350e-01   3.13737e+00   6.41087e-02
 4.12963e-01   3.13754e+00   6.16289e-02
 4.15676e-01   3.13770e+00   6.11477e-02
 4.18710e-01   3.13789e+00   6.30531e-02
 4.21430e-01   3.13807e+00   6.62476e-02
 4.24149e-01   3.13825e+00   6.98158e-02
 4.26869e-01   3.13845e+00   7.27452e-02
 4.29940e-01   3.13867e+00   7.43932e-02
 4.32613e-01   3.13887e+00   7.41505e-02
 4.35285e-01   3.13907e+00   7.26101e-02
 4.37958e-01   3.13926e+00   7.03498e-02
 4.40682e-01   3.13945e+00   6.80165e-02
 4.43603e-01   3.13964e+00   6.61878e-02
 4.46803e-01   3.13985e+00   6.54713e-02
 4.50289e-01   3.14008e+00   6.61734e-02
 4.53775e-01   3.14031e+00   6.77431e-02
 4.57261e-01   3.14055e+00   6.92612e-02
 4.60799e-01   3.14080e+00   7.00973e-02
 4.63834e-01   3.14101e+00   7.01771e-02
 4.66869e-01   3.14123e+00   6.99189e-02
 4.69904e-01   3.14144e+00   6.96534e-02
 4.73339e-01   3.14168e+00   6.96047e-02
 4.76714e-01   3.14191e+00   6.97650e-02
 4.80090e-01   3.14215e+00   6.97846e-02
 4.83465e-01   3.14238e+00   6.92837e-02
 4.86891e-01   3.14262e+00   6.81512e-02
 4.89986e-01   3.14283e+00   6.69016e-02
 4.93081e-01   3.14303e+00   6.59997e-02
 4.96176e-01   3.14324e+00   6.59996e-02
 4.99951e-01   3.14349e+00   6.75883e-02
 5.03082e-01   3.14370e+00   6.99302e-02
 5.06214e-01   3.14393e+00   7.23842e-02
 5.08957e-01   3.14413e+00   7.38261e-02
 5.11699e-01   3.14433e+00   7.39903e-02
 5.14441e-01   3.14453e+00   7.26141e-02
 5.17606e-01   3.14476e+00   6.94009e-02
 5.20281e-01   3.14494e+00   6.60814e-02
 5.22956e-01   3.14511e+00   6.31761e-02
 5.25630e-01   3.14528e+00   6.15794e-02
 5.28858e-01   3.14548e+00   6.22019e-02
 5.31619e-01   3.14565e+00   6.49805e-02
 5.34380e-01   3.14584e+00   6.91732e-02
 5.37141e-01   3.14603e+00   7.36455e-02
 5.39902e-01   3.14624e+00   7.70720e-02
 5.42663e-01   3.14646e+00   7.83149e-02
 5.45424e-01   3.14667e+00   7.67941e-02
 5.48221e-01   3.14688e+00   7.26631e-02
 5.50702e-01   3.14706e+00   6.76685e-02
 5.53183e-01   3.14722e+00   6.26091e-02
 5.55664e-01   3.14737e+00   5.87205e-02
 5.58280e-01   3.14752e+00   5.69974e-02
 5.60883e-01   3.14767e+00   5.82782e-02
 5.63486e-01   3.14782e+00   6.23674e-02
 5.66089e-01   3.14799e+00   6.83396e-02
 5.68692e-01   3.14818e+00   7.47313e-02
 5.71296e-01   3.14838e+00   7.98853e-02
 5.73899e-01   3.14859e+00   8.23653e-02
 5.76502e-01   3.14881e+00   8.13483e-02
 5.79105e-01   3.14901e+00   7.68955e-02
 5.81470e-01   3.14919e+00   7.06941e-02
 5.83865e-01   3.14935e+00   6.36585e-02
 5.86260e-01   3.14949e+00   5.74157e-02
 5.88655e-01   3.14963e+00   5.34022e-02
 5.91500e-01   3.14978e+00   5.28379e-02
 5.93849e-01   3.14990e+00   5.60571e-02
 5.96198e-01   3.15004e+00   6.20322e-02
 5.98547e-01   3.15020e+00   6.95897e-02
 6.00896e-01   3.15037e+00   7.71843e-02
 6.03245e-01   3.15056e+00   8.32022e-02
 6.05595e-01   3.15076e+00   8.62914e-02
 6.07944e-01   3.15096e+00   8.56617e-02
 6.10293e-01   3.15116e+00   8.12888e-02
 6.12622e-01   3.15134e+00   7.40368e-02
 6.15003e-01   3.15150e+00   6.51204e-02
 6.17385e-01   3.15165e+00   5.66048e-02
 6.19766e-01   3.15178e+00   5.03902e-02
 6.22264e-01   3.15190e+00   4.78982e-02
 6.24559e-01   3.15201e+00   4.98490e-02
 6.26854e-01   3.15213e+00   5.55691e-02
 6.29149e-01   3.15227e+00   6.39953e-02
 6.31444e-01   3.15242e+00   7.35012e-02
 6.33739e-01   3.15260e+00   8.22007e-02
 6.36034e-01   3.15280e+00   8.83070e-02
 6.38329e-01   3.15300e+00   9.04887e-02
 6.40624e-01   3.15321e+00   8.81607e-02
 6.43021e-01   3.15341e+00   8.12737e-02
 6.45204e-01   3.15358e+00   7.21901e-02
 6.47386e-01   3.15373e+00   6.20882e-02
 6.49569e-01   3.15385e+00   5.28261e-02
 6.51752e-01   3.15396e+00   4.61432e-02
 6.54207e-01   3.15407e+00   4.32815e-02
 6.56406e-01   3.15417e+00   4.55013e-02
 6.58606e-01   3.15427e+00   5.19201e-02
 6.60805e-01   3.15440e+00   6.14257e-02
 6.63005e-01   3.15454e+00   7.23243e-02
 6.65205e-01   3.15472e+00   8.26333e-02
 6.67404e-01   3.15491e+00   9.04265e-02
 6.69604e-01   3.15511e+00   9.41828e-02
 6.71803e-01   3.15532e+00   9.30807e-02
 6.74003e-01   3.15552e+00   8.71849e-02
 6.76173e-01   3.15570e+00   7.76240e-02
 6.78403e-01   3.15586e+00   6.56799e-02
 6.80633e-01   3.15599e+00   5.38441e-02
 6.82864e-01   3.15610e+00   4.44123e-02
 6.85094e-01   3.15619e+00   3.92439e-02
 6.87278e-01   3.15627e+00   3.93328e-02
 6.89462e-01   3.15637e+00   4.45738e-02
 6.91646e-01   3.15647e+00   5.40812e-02
 6.93830e-01   3.15660e+00   6.61907e-02
 6.96015e-01   3.15676e+00   7.87475e-02
 6.98199e-01   3.15695e+00   8.94743e-02
 7.00383e-01   3.15715e+00   9.63678e-02
 7.02567e-01   3.15736e+00   9.80652e-02
 7.04751e-01   3.15757e+00   9.41175e-02
 7.07113e-01   3.15779e+00   8.41960e-02
 7.09155e-01   3.15795e+00   7.23776e-02
 7.11198e-01   3.15808e+00   5.95006e-02
 7.13240e-01   3.15819e+00   4.76436e-02
 7.15282e-01   3.15828e+00   3.87459e-02
 7.17557e-01   3.15836e+00   3.40952e-02
 7.19656e-01   3.15843e+00   3.55405e-02
 7.21754e-01   3.15851e+00   4.23136e-02
 7.23852e-01   3.15861e+00   5.33330e-02
 7.25950e-01   3.15874e+00   6.68036e-02
 7.28048e-01   3.15889e+00   8.05036e-02
 7.30146e-01   3.15907e+00   9.21364e-02
 7.32244e-01   3.15928e+00   9.97000e-02
 7.34342e-01   3.15949e+00   1.01824e-01
 7.36440e-01   3.15970e+00   9.80245e-02
 7.38698e-01   3.15991e+00   8.79295e-02
 7.40714e-01   3.16007e+00   7.51292e-02
 7.42730e-01   3.16021e+00   6.07873e-02
 7.44746e-01   3.16032e+00   4.71549e-02
 7.46763e-01   3.16040e+00   3.63974e-02
 7.48904e-01   3.16047e+00   3.00347e-02
 7.50988e-01   3.16054e+00   2.99359e-02
 7.53071e-01   3.16060e+00   3.59150e-02
 7.55154e-01   3.16069e+00   4.70314e-02
 7.57238e-01   3.16080e+00   6.14981e-02
 7.59321e-01   3.16095e+00   7.69666e-02
 7.61404e-01   3.16112e+00   9.08950e-02
 7.63488e-01   3.16132e+00   1.00947e-01
 7.65571e-01   3.16154e+00   1.05374e-01
 7.67654e-01   3.16176e+00   1.03318e-01
 7.69738e-01   3.16196e+00   9.49920e-02
 7.71727e-01   3.16214e+00   8.23602e-02
 7.73797e-01   3.16229e+00   6.63966e-02
 7.75867e-01   3.16242e+00   5.01544e-02
 7.77938e-01   3.16250e+00   3.63384e-02
 7.80008e-01   3.16257e+00   2.72675e-02
 7.82188e-01   3.16262e+00   2.45200e-02
 7.84369e-01   3.16268e+00   2.92763e-02
 7.86258e-01   3.16275e+00   3.88688e-02
 7.88146e-01   3.16283e+00   5.22314e-02
 7.90035e-01   3.16294e+00   6.75804e-02
 7.91924e-01   3.16309e+00   8.28510e-02
 7.93813e-01   3.16326e+00   9.59636e-02
 7.95702e-01   3.16345e+00   1.05095e-01
 7.97591e-01   3.16365e+00   1.08929e-01
 7.99480e-01   3.16385e+00   1.06843e-01
 8.01508e-01   3.16406e+00   9.82398e-02
 8.03505e-01   3.16425e+00   8.45468e-02
 8.05563e-01   3.16440e+00   6.71784e-02
 8.07621e-01   3.16452e+00   4.93032e-02
 8.09679e-01   3.16461e+00   3.38595e-02
 8.11737e-01   3.16466e+00   2.34031e-02
 8.14197e-01   3.16472e+00   1.98068e-02
 8.16099e-01   3.16476e+00   2.42286e-02
 8.18001e-01   3.16481e+00   3.43609e-02
 8.19903e-01   3.16489e+00   4.88378e-02
 8.21805e-01   3.16500e+00   6.56972e-02
 8.23707e-01   3.16514e+00   8.26407e-02
 8.25609e-01   3.16531e+00   9.73331e-02
 8.27511e-01   3.16551e+00   1.07712e-01
 8.29413e-01   3.16572e+00   1.12268e-01
 8.31315e-01   3.16593e+00   1.10271e-01
 8.33307e-01   3.16614e+00   1.01348e-01
 8.35309e-01   3.16633e+00   8.66131e-02
 8.37355e-01   3.16649e+00   6.78803e-02
 8.39401e-01   3.16661e+00   4.84208e-02
 8.41447e-01   3.16669e+00   3.13937e-02
 8.43493e-01   3.16674e+00   1.95788e-02
 8.45839e-01   3.16678e+00   1.48916e-02
 8.47724e-01   3.16681e+00   1.86780e-02
 8.49609e-01   3.16685e+00   2.87212e-02
 8.51493e-01   3.16692e+00   4.36877e-02
 8.53378e-01   3.16702e+00   6.15832e-02
 8.55263e-01   3.16715e+00   8.00128e-02
 8.57147e-01   3.16732e+00   9.64891e-02
 8.59032e-01   3.16751e+00   1.08753e-01
 8.60917e-01   3.16773e+00   1.15074e-01
 8.62802e-01   3.16794e+00   1.14499e-01
 8.64721e-01   3.16816e+00   1.06802e-01
 8.67081e-01   3.16839e+00   8.90325e-02
 8.68905e-01   3.16854e+00   7.12121e-02
 8.70729e-01   3.16865e+00   5.22863e-02
 8.72553e-01   3.16873e+00   3.46987e-02
 8.74376e-01   3.16878e+00   2.07320e-02
 8.76381e-01   3.16881e+00   1.17029e-02
 8.78331e-01   3.16883e+00   1.05679e-02
 8.80282e-01   3.16886e+00   1.71746e-02
 8.82232e-01   3.16890e+00   3.05868e-02
 8.84182e-01   3.16898e+00   4.88907e-02
 8.86133e-01   3.16909e+00   6.94697e-02
 8.88083e-01   3.16925e+00   8.93673e-02
 8.90034e-01   3.16944e+00   1.05693e-01
 8.91984e-01   3.16966e+00   1.16028e-01
 8.93935e-01   3.16989e+00   1.18776e-01
 8.95885e-01   3.17012e+00   1.13418e-01
 8.97961e-01   3.17034e+00   9.95776e-02
 8.99835e-01   3.17051e+00   8.16612e-02
 9.01709e-01   3.17064e+00   6.10557e-02
 9.03582e-01   3.17074e+00   4.05541e-02
 9.05456e-01   3.17080e+00   2.29568e-02
 9.07330e-01   3.17083e+00   1.06736e-02
 9.09654e-01   3.17084e+00   5.26261e-03
 9.11481e-01   3.17085e+00   9.35387e-03
 9.13308e-01   3.17088e+00   2.03064e-02
 9.15136e-01   3.17093e+00   3.67438e-02
 9.16963e-01   3.17102e+00   5.65998e-02
 9.18790e-01   3.17114e+00   7.73740e-02
 9.20617e-01   3.17130e+00   9.64340e-02
 9.22445e-01   3.17149e+00   1.11335e-01
 9.24272e-01   3.17170e+00   1.20122e-01
 9.26099e-01   3.17192e+00   1.21587e-01
 9.27926e-01   3.17214e+00   1.15441e-01
 9.30002e-01   3.17237e+00   1.00147e-01
 9.31843e-01   3.17253e+00   8.10623e-02
 9.33685e-01   3.17266e+00   5.93411e-02
 9.35526e-01   3.17275e+00   3.78311e-02
 9.37368e-01   3.17281e+00   1.93710e-02
 9.39210e-01   3.17283e+00   6.40108e-03
 9.41498e-01   3.17283e+00   4.29117e-04
 9.43305e-01   3.17284e+00   4.40837e-03
 9.45112e-01   3.17285e+00   1.56009e-02
 9.46918e-01   3.17290e+00   3.26268e-02
 9.48725e-01   3.17297e+00   5.33899e-02
 9.50532e-01   3.17309e+00   7.53317e-02
 9.52339e-01   3.17325e+00   9.57350e-02
 9.54146e-01   3.17343e+00   1.12045e-01
 9.55953e-01   3.17365e+00   1.22179e-01
 9.57760e-01   3.17387e+00   1.24790e-01
 9.59567e-01   3.17409e+00   1.19451e-01
 9.61559e-01   3.17432e+00   1.05071e-01
 9.63404e-01   3.17449e+00   8.55913e-02
 9.65248e-01   3.17463e+00   6.27529e-02
 9.67092e-01   3.17473e+00   3.95534e-02
 9.68936e-01   3.17478e+00   1.90600e-02
 9.70781e-01   3.17480e+00   3.98749e-03
 9.72895e-01   3.17480e+00  -4.09472e-03
 9.74718e-01   3.17479e+00  -2.14723e-03
 9.76541e-01   3.17479e+00   7.84883e-03
 9.78364e-01   3.17482e+00   2.46350e-02
 9.80188e-01   3.17489e+00   4.61041e-02
 9.82011e-01   3.17499e+00   6.95630e-02
 9.83834e-01   3.17514e+00   9.20593e-02
 9.85657e-01   3.17533e+00   1.10736e-01
 9.87481e-01   3.17554e+00   1.23183e-01
 9.89304e-01   3.17577e+00   1.27738e-01
 9.91127e-01   3.17600e+00   1.23721e-01
 9.93042e-01   3.17623e+00   1.10738e-01
 9.94857e-01   3.17641e+00   9.16838e-02
 9.96743e-01   3.17656e+00   6.75396e-02
 9.98628e-01   3.17666e+00   4.22234e-02
 1.00051e+00   3.17672e+00   1.92278e-02
 1.00240e+00   3.17674e+00   1.73279e-03
 1.00441e+00   3.17673e+00  -8.16145e-03
 1.00624e+00   3.17672e+00  -8.01967e-03
 1.00807e+00   3.17671e+00   8.73257e-04
 1.00991e+00   3.17672e+00   1.73821e-02
 1.01174e+00   3.17678e+00   3.94092e-02
 1.01357e+00   3.17687e+00   6.41617e-02
 1.01540e+00   3.17701e+00   8.84957e-02
 1.01724e+00   3.17719e+00   1.09298e-01
 1.01907e+00   3.17741e+00   1.23867e-01
 1.02090e+00   3.17764e+00   1.30261e-01
 1.02273e+00   3.17788e+00   1.27553e-01
 1.02459e+00   3.17811e+00   1.15763e-01
 1.02650e+00   3.17831e+00   9.57427e-02
 1.02844e+00   3.17847e+00   7.00245e-02
 1.03012e+00   3.17857e+00   4.61744e-02
 1.03179e+00   3.17863e+00   2.36191e-02
 1.03347e+00   3.17865e+00   4.83567e-03
 1.03530e+00   3.17864e+00  -8.90487e-03
 1.03723e+00   3.17862e+00  -1.40229e-02
 1.03916e+00   3.17860e+00  -8.74536e-03
 1.04084e+00   3.17859e+00   3.82965e-03
 1.04253e+00   3.17861e+00   2.24334e-02
 1.04422e+00   3.17867e+00   4.50598e-02
 1.04590e+00   3.17877e+00   6.92720e-02
 1.04759e+00   3.17890e+00   9.24555e-02
 1.04928e+00   3.17908e+00   1.12088e-01
 1.05097e+00   3.17928e+00   1.26002e-01
 1.05265e+00   3.17950e+00   1.32623e-01
 1.05434e+00   3.17972e+00   1.31146e-01
 1.05613e+00   3.17995e+00   1.20816e-01
 1.05835e+00   3.18019e+00   9.74144e-02
 1.06006e+00   3.18034e+00   7.38320e-02
 1.06177e+00   3.18044e+00   4.83256e-02
 1.06348e+00   3.18050e+00   2.37935e-02
 1.06519e+00   3.18053e+00   3.03207e-03
 1.06698e+00   3.18052e+00  -1.20756e-02
 1.06896e+00   3.18048e+00  -1.87773e-02
 1.07070e+00   3.18045e+00  -1.51496e-02
 1.07245e+00   3.18044e+00  -2.99326e-03
 1.07420e+00   3.18045e+00   1.62769e-02
 1.07594e+00   3.18050e+00   4.04317e-02
 1.07769e+00   3.18059e+00   6.66841e-02
 1.07944e+00   3.18073e+00   9.19991e-02
 1.08118e+00   3.18091e+00   1.13429e-01
 1.08293e+00   3.18112e+00   1.28445e-01
 1.08468e+00   3.18135e+00   1.35226e-01
 1.08642e+00   3.18159e+00   1.32889e-01
 1.08823e+00   3.18182e+00   1.21100e-01
 1.09016e+00   3.18203e+00   9.94875e-02
 1.09209e+00   3.18220e+00   7.15810e-02
 1.09374e+00   3.18230e+00   4.58302e-02
 1.09539e+00   3.18235e+00   2.11241e-02
 1.09703e+00   3.18237e+00   7.29342e-05
 1.09879e+00   3.18235e+00  -1.58783e-02
 1.10102e+00   3.18231e+00  -2.35956e-02
 1.10274e+00   3.18227e+00  -1.91756e-02
 1.10445e+00   3.18225e+00  -6.22812e-03
 1.10616e+00   3.18225e+00   1.37942e-02
 1.10788e+00   3.18230e+00   3.86600e-02
 1.10959e+00   3.18238e+00   6.56060e-02
 1.11130e+00   3.18252e+00   9.16330e-02
 1.11302e+00   3.18270e+00   1.13825e-01
 1.11473e+00   3.18291e+00   1.29664e-01
 1.11644e+00   3.18314e+00   1.37307e-01
 1.11816e+00   3.18337e+00   1.35808e-01
 1.11992e+00   3.18360e+00   1.24767e-01
 1.12209e+00   3.18385e+00   9.99549e-02
 1.12378e+00   3.18400e+00   7.47057e-02
 1.12547e+00   3.18410e+00   4.72300e-02
 1.12715e+00   3.18416e+00   2.05612e-02
 1.12884e+00   3.18417e+00  -2.34764e-03
 1.13058e+00   3.18415e+00  -1.93620e-02
 1.13272e+00   3.18410e+00  -2.82617e-02
 1.13443e+00   3.18405e+00  -2.48276e-02
 1.13615e+00   3.18402e+00  -1.23689e-02
 1.13786e+00   3.18401e+00   7.71199e-03
 1.13958e+00   3.18405e+00   3.31732e-02
 1.14129e+00   3.18413e+00   6.11830e-02
 1.14300e+00   3.18426e+00   8.86240e-02
 1.14472e+00   3.18443e+00   1.12425e-01
 1.14643e+00   3.18464e+00   1.29892e-01
 1.14814e+00   3.18487e+00   1.39002e-01
 1.14986e+00   3.18511e+00   1.38646e-01
 1.15159e+00   3.18534e+00   1.28570e-01
 1.15364e+00   3.18558e+00   1.05675e-01
 1.15535e+00   3.18574e+00   7.99821e-02
 1.15705e+00   3.18585e+00   5.12825e-02
 1.15875e+00   3.18592e+00   2.28069e-02
 1.16046e+00   3.18593e+00  -2.22706e-03
 1.16216e+00   3.18591e+00  -2.09936e-02
 1.16415e+00   3.18586e+00  -3.22138e-02
 1.16589e+00   3.18580e+00  -3.13220e-02
 1.16763e+00   3.18576e+00  -2.05513e-02
 1.16937e+00   3.18574e+00  -1.15477e-03
 1.17110e+00   3.18576e+00   2.46362e-02
 1.17284e+00   3.18582e+00   5.38702e-02
 1.17458e+00   3.18594e+00   8.32043e-02
 1.17632e+00   3.18611e+00   1.09270e-01
 1.17805e+00   3.18632e+00   1.29043e-01
 1.17979e+00   3.18655e+00   1.40186e-01
 1.18153e+00   3.18680e+00   1.41323e-01
 1.18327e+00   3.18704e+00   1.32224e-01
 1.18523e+00   3.18728e+00   1.10944e-01
 1.18694e+00   3.18745e+00   8.50061e-02
 1.18866e+00   3.18757e+00   5.52970e-02
 1.19038e+00   3.18764e+00   2.52060e-02
 1.19209e+00   3.18766e+00  -1.81900e-03
 1.19381e+00   3.18763e+00  -2.26830e-02
 1.19571e+00   3.18758e+00  -3.57640e-02
 1.19746e+00   3.18751e+00  -3.69631e-02
 1.19922e+00   3.18745e+00  -2.76088e-02
 1.20097e+00   3.18742e+00  -8.81466e-03
 1.20272e+00   3.18743e+00   1.72152e-02
 1.20447e+00   3.18748e+00   4.74486e-02
 1.20623e+00   3.18759e+00   7.83697e-02
 1.20798e+00   3.18776e+00   1.06372e-01
 1.20973e+00   3.18796e+00   1.28159e-01
 1.21148e+00   3.18820e+00   1.41122e-01
 1.21324e+00   3.18845e+00   1.43653e-01
 1.21499e+00   3.18870e+00   1.35349e-01
 1.21689e+00   3.18894e+00   1.15142e-01
 1.21861e+00   3.18911e+00   8.89735e-02
 1.22034e+00   3.18924e+00   5.83927e-02
 1.22206e+00   3.18932e+00   2.69132e-02
 1.22378e+00   3.18934e+00  -1.82980e-03
 1.22551e+00   3.18931e+00  -2.45177e-02
 1.22735e+00   3.18925e+00  -3.91564e-02
 1.22911e+00   3.18918e+00  -4.21204e-02
 1.23087e+00   3.18911e+00  -3.39908e-02
 1.23263e+00   3.18906e+00  -1.57506e-02
 1.23439e+00   3.18906e+00   1.04373e-02
 1.23615e+00   3.18910e+00   4.14922e-02
 1.23791e+00   3.18921e+00   7.37711e-02
 1.23967e+00   3.18936e+00   1.03479e-01
 1.24143e+00   3.18957e+00   1.27096e-01
 1.24319e+00   3.18980e+00   1.41780e-01
 1.24495e+00   3.19006e+00   1.45705e-01
 1.24671e+00   3.19031e+00   1.38301e-01
 1.24857e+00   3.19055e+00   1.19133e-01
 1.25029e+00   3.19074e+00   9.28954e-02
 1.25202e+00   3.19087e+00   6.16162e-02
 1.25375e+00   3.19095e+00   2.88996e-02
 1.25547e+00   3.19097e+00  -1.46409e-03
 1.25720e+00   3.19095e+00  -2.59563e-02
 1.25899e+00   3.19088e+00  -4.21677e-02
 1.26074e+00   3.19080e+00  -4.70165e-02
 1.26253e+00   3.19072e+00  -4.02560e-02
 1.26431e+00   3.19067e+00  -2.25188e-02
 1.26610e+00   3.19065e+00   4.02792e-03
 1.26788e+00   3.19068e+00   3.61710e-02
 1.26967e+00   3.19078e+00   7.00343e-02
 1.27145e+00   3.19093e+00   1.01529e-01
 1.27323e+00   3.19114e+00   1.26823e-01
 1.27502e+00   3.19138e+00   1.42796e-01
 1.27680e+00   3.19164e+00   1.47415e-01
 1.27859e+00   3.19190e+00   1.40008e-01
 1.28043e+00   3.19214e+00   1.20635e-01
 1.28215e+00   3.19233e+00   9.39015e-02
 1.28386e+00   3.19246e+00   6.18920e-02
 1.28558e+00   3.19254e+00   2.82604e-02
 1.28730e+00   3.19256e+00  -3.13379e-03
 1.28902e+00   3.19253e+00  -2.86870e-02
 1.29079e+00   3.19246e+00  -4.58260e-02
 1.29254e+00   3.19238e+00  -5.16203e-02
 1.29433e+00   3.19229e+00  -4.54150e-02
 1.29612e+00   3.19222e+00  -2.76977e-02
 1.29770e+00   3.19219e+00  -4.29992e-03
 1.29927e+00   3.19221e+00   2.41148e-02
 1.30085e+00   3.19227e+00   5.48662e-02
 1.30242e+00   3.19238e+00   8.50546e-02
 1.30400e+00   3.19254e+00   1.11822e-01
 1.30558e+00   3.19273e+00   1.32612e-01
 1.30715e+00   3.19295e+00   1.45406e-01
 1.30873e+00   3.19318e+00   1.48921e-01
 1.31035e+00   3.19342e+00   1.42417e-01
 1.31214e+00   3.19366e+00   1.24085e-01
 1.31384e+00   3.19385e+00   9.77360e-02
 1.31559e+00   3.19399e+00   6.45632e-02
 1.31734e+00   3.19408e+00   2.92062e-02
 1.31910e+00   3.19410e+00  -4.11518e-03
 1.32085e+00   3.19407e+00  -3.14217e-02
 1.32260e+00   3.19399e+00  -4.94671e-02
 1.32437e+00   3.19390e+00  -5.61319e-02
 1.32617e+00   3.19380e+00  -5.02745e-02
 1.32774e+00   3.19373e+00  -3.52049e-02
 1.32932e+00   3.19369e+00  -1.23368e-02
 1.33089e+00   3.19370e+00   1.61591e-02
 1.33247e+00   3.19375e+00   4.75929e-02
 1.33405e+00   3.19385e+00   7.90009e-02
 1.33562e+00   3.19399e+00   1.07413e-01
 1.33720e+00   3.19418e+00   1.30123e-01
 1.33877e+00   3.19440e+00   1.44934e-01
 1.34035e+00   3.19463e+00   1.50375e-01
 1.34195e+00   3.19487e+00   1.45705e-01
 1.34368e+00   3.19511e+00   1.29544e-01
 1.34547e+00   3.19532e+00   1.02715e-01
 1.34728e+00   3.19548e+00   6.81465e-02
 1.34884e+00   3.19556e+00   3.58817e-02
 1.35039e+00   3.19559e+00   4.45062e-03
 1.35195e+00   3.19557e+00  -2.31762e-02
 1.35358e+00   3.19552e+00  -4.52104e-02
 1.35550e+00   3.19541e+00  -5.90939e-02
 1.35718e+00   3.19531e+00  -5.92325e-02
 1.35886e+00   3.19522e+00  -4.80323e-02
 1.36054e+00   3.19516e+00  -2.67327e-02
 1.36223e+00   3.19514e+00   2.35286e-03
 1.36391e+00   3.19517e+00   3.60918e-02
 1.36559e+00   3.19526e+00   7.08618e-02
 1.36727e+00   3.19540e+00   1.02924e-01
 1.36896e+00   3.19560e+00   1.28808e-01
 1.37064e+00   3.19583e+00   1.45672e-01
 1.37232e+00   3.19608e+00   1.51618e-01
 1.37400e+00   3.19634e+00   1.45905e-01
 1.37576e+00   3.19658e+00   1.28132e-01
 1.37747e+00   3.19678e+00   1.01049e-01
 1.37924e+00   3.19692e+00   6.61756e-02
 1.38079e+00   3.19700e+00   3.32019e-02
 1.38234e+00   3.19703e+00   1.15587e-03
 1.38389e+00   3.19701e+00  -2.69659e-02
 1.38552e+00   3.19694e+00  -4.94002e-02
 1.38743e+00   3.19683e+00  -6.35174e-02
 1.38910e+00   3.19673e+00  -6.35898e-02
 1.39077e+00   3.19663e+00  -5.21619e-02
 1.39244e+00   3.19656e+00  -3.04857e-02
 1.39412e+00   3.19653e+00  -8.89977e-04
 1.39579e+00   3.19656e+00   3.34731e-02
 1.39746e+00   3.19664e+00   6.89562e-02
 1.39913e+00   3.19679e+00   1.01788e-01
 1.40081e+00   3.19698e+00   1.28458e-01
 1.40248e+00   3.19721e+00   1.46076e-01
 1.40415e+00   3.19746e+00   1.52683e-01
 1.40583e+00   3.19771e+00   1.47481e-01
 1.40756e+00   3.19796e+00   1.30148e-01
 1.40931e+00   3.19816e+00   1.02285e-01
 1.41109e+00   3.19831e+00   6.64421e-02
 1.41263e+00   3.19839e+00   3.28295e-02
 1.41418e+00   3.19841e+00   1.97694e-05
 1.41572e+00   3.19839e+00  -2.89479e-02
 1.41733e+00   3.19832e+00  -5.22189e-02
 1.41920e+00   3.19821e+00  -6.72891e-02
 1.42088e+00   3.19810e+00  -6.83413e-02
 1.42255e+00   3.19799e+00  -5.75217e-02
 1.42423e+00   3.19791e+00  -3.60247e-02
 1.42590e+00   3.19787e+00  -6.17123e-03
 1.42758e+00   3.19789e+00   2.88462e-02
 1.42926e+00   3.19797e+00   6.52980e-02
 1.43093e+00   3.19811e+00   9.92986e-02
 1.43261e+00   3.19830e+00   1.27203e-01
 1.43428e+00   3.19853e+00   1.45982e-01
 1.43596e+00   3.19878e+00   1.53549e-01
 1.43763e+00   3.19904e+00   1.49000e-01
 1.43935e+00   3.19928e+00   1.32236e-01
 1.44113e+00   3.19949e+00   1.03763e-01
 1.44293e+00   3.19965e+00   6.69544e-02
 1.44447e+00   3.19972e+00   3.27416e-02
 1.44600e+00   3.19975e+00  -8.19943e-04
 1.44754e+00   3.19972e+00  -3.06483e-02
 1.44914e+00   3.19965e+00  -5.47816e-02
 1.45097e+00   3.19954e+00  -7.08483e-02
 1.45265e+00   3.19941e+00  -7.29858e-02
 1.45433e+00   3.19930e+00  -6.28732e-02
 1.45601e+00   3.19921e+00  -4.16380e-02
 1.45769e+00   3.19916e+00  -1.15882e-02
 1.45937e+00   3.19917e+00   2.40442e-02
 1.46105e+00   3.19924e+00   6.14444e-02
 1.46273e+00   3.19938e+00   9.66074e-02
 1.46441e+00   3.19957e+00   1.25748e-01
 1.46609e+00   3.19980e+00   1.45692e-01
 1.46777e+00   3.20005e+00   1.54220e-01
 1.46945e+00   3.20031e+00   1.50318e-01
 1.47113e+00   3.20055e+00   1.34315e-01
 1.47294e+00   3.20077e+00   1.05308e-01
 1.47455e+00   3.20091e+00   7.24749e-02
 1.47615e+00   3.20100e+00   3.62161e-02
 1.47775e+00   3.20103e+00   1.49108e-04
 1.47936e+00   3.20100e+00  -3.21211e-02
 1.48096e+00   3.20093e+00  -5.73775e-02
 1.48276e+00   3.20081e+00  -7.43442e-02
 1.48445e+00   3.20068e+00  -7.74481e-02
 1.48613e+00   3.20055e+00  -6.79662e-02
 1.48781e+00   3.20045e+00  -4.69649e-02
 1.48949e+00   3.20040e+00  -1.67376e-02
 1.49117e+00   3.20040e+00   1.94516e-02
 1.49286e+00   3.20047e+00   5.77152e-02
 1.49454e+00   3.20059e+00   9.39436e-02
 1.49622e+00   3.20078e+00   1.24227e-01
 1.49790e+00   3.20101e+00   1.45262e-01
 1.49959e+00   3.20126e+00   1.54705e-01
 1.50127e+00   3.20152e+00   1.51440e-01
 1.50295e+00   3.20176e+00   1.35728e-01
 1.50479e+00   3.20199e+00   1.06217e-01
 1.50639e+00   3.20213e+00   7.29870e-02
 1.50799e+00   3.20222e+00   3.61188e-02
 1.50959e+00   3.20225e+00  -7.21550e-04
 1.51119e+00   3.20222e+00  -3.38640e-02
 1.51279e+00   3.20214e+00  -6.00151e-02
 1.51457e+00   3.20202e+00  -7.77877e-02
 1.51626e+00   3.20188e+00  -8.17565e-02
 1.51794e+00   3.20175e+00  -7.28446e-02
 1.51962e+00   3.20164e+00  -5.20613e-02
 1.52131e+00   3.20158e+00  -2.16832e-02
 1.52299e+00   3.20157e+00   1.50020e-02
 1.52467e+00   3.20163e+00   5.40467e-02
 1.52636e+00   3.20175e+00   9.12520e-02
 1.52804e+00   3.20194e+00   1.22599e-01
 1.52972e+00   3.20216e+00   1.44668e-01
 1.53141e+00   3.20242e+00   1.55002e-01
 1.53309e+00   3.20268e+00   1.52388e-01
 1.53477e+00   3.20292e+00   1.37014e-01
 1.53682e+00   3.20317e+00   1.03583e-01
 1.53840e+00   3.20331e+00   6.98525e-02
 1.53997e+00   3.20339e+00   3.27168e-02
 1.54155e+00   3.20341e+00  -4.23397e-03
 1.54313e+00   3.20338e+00  -3.74218e-02
 1.54471e+00   3.20330e+00  -6.36420e-02
 1.54648e+00   3.20317e+00  -8.17166e-02
 1.54816e+00   3.20302e+00  -8.58306e-02
 1.54984e+00   3.20289e+00  -7.69024e-02
 1.55151e+00   3.20277e+00  -5.59389e-02
 1.55319e+00   3.20270e+00  -2.52240e-02
 1.55487e+00   3.20269e+00   1.19381e-02
 1.55655e+00   3.20274e+00   5.15732e-02
 1.55823e+00   3.20286e+00   8.94465e-02
 1.55990e+00   3.20304e+00   1.21495e-01
 1.56158e+00   3.20327e+00   1.44246e-01
 1.56326e+00   3.20352e+00   1.55187e-01
 1.56494e+00   3.20378e+00   1.53049e-01
 1.56662e+00   3.20403e+00   1.37968e-01
 1.56862e+00   3.20427e+00   1.05281e-01
 1.57020e+00   3.20441e+00   7.12418e-02
 1.57178e+00   3.20449e+00   3.34709e-02
 1.57336e+00   3.20452e+00  -4.36306e-03
 1.57494e+00   3.20448e+00  -3.85784e-02
 1.57652e+00   3.20440e+00  -6.58546e-02
 1.57827e+00   3.20427e+00  -8.48075e-02
 1.57995e+00   3.20412e+00  -8.99466e-02
 1.58163e+00   3.20397e+00  -8.17672e-02
 1.58331e+00   3.20385e+00  -6.12008e-02
 1.58499e+00   3.20377e+00  -3.04970e-02
 1.58667e+00   3.20375e+00   7.03104e-03
 1.58835e+00   3.20380e+00   4.73600e-02
 1.59003e+00   3.20391e+00   8.61722e-02
 1.59171e+00   3.20408e+00   1.19297e-01
 1.59339e+00   3.20430e+00   1.43143e-01
 1.59507e+00   3.20456e+00   1.55075e-01
 1.59573e+00   3.20466e+00   1.56157e-01
