 1.00000e-06  -3.11018e+00   3.14106e-08
 6.00000e-06  -3.11018e+00   1.88459e-07
 3.10000e-05  -3.11018e+00   9.73583e-07
 1.56000e-04  -3.11018e+00   4.89626e-06
 7.81000e-04  -3.11018e+00   2.44360e-05
 3.90600e-03  -3.11018e+00   1.20295e-04
 1.95310e-02  -3.11017e+00   5.53796e-04
 7.38078e-02  -3.11011e+00   1.50177e-03
 1.45912e-01  -3.10999e+00   1.79395e-03
 2.08235e-01  -3.10988e+00   1.86446e-03
 2.70557e-01  -3.10974e+00   2.52032e-03
 3.41421e-01  -3.10950e+00   4.60467e-03
 4.12285e-01  -3.10905e+00   8.20863e-03
 4.83149e-01  -3.10831e+00   1.27574e-02
 5.45529e-01  -3.10739e+00   1.67389e-02
 6.07908e-01  -3.10624e+00   1.99558e-02
 6.70287e-01  -3.10493e+00   2.19589e-02
 7.34171e-01  -3.10349e+00   2.27617e-02
 7.94069e-01  -3.10213e+00   2.28470e-02
 8.53966e-01  -3.10075e+00   2.30588e-02
 9.13863e-01  -3.09935e+00   2.41952e-02
 9.82951e-01  -3.09758e+00   2.73527e-02
 1.05204e+00  -3.09552e+00   3.25451e-02
 1.11179e+00  -3.09341e+00   3.80885e-02
 1.17155e+00  -3.09097e+00   4.36866e-02
 1.23131e+00  -3.08821e+00   4.83889e-02
 1.29106e+00  -3.08521e+00   5.15102e-02
 1.35082e+00  -3.08209e+00   5.29189e-02
 1.40741e+00  -3.07908e+00   5.31638e-02
 1.46399e+00  -3.07607e+00   5.32996e-02
 1.52058e+00  -3.07303e+00   5.44518e-02
 1.57716e+00  -3.06987e+00   5.75738e-02
 1.64145e+00  -3.06598e+00   6.40616e-02
 1.69628e+00  -3.06226e+00   7.17883e-02
 1.75111e+00  -3.05809e+00   8.06430e-02
 1.80593e+00  -3.05342e+00   8.93932e-02
 1.86076e+00  -3.04831e+00   9.67678e-02
 1.91559e+00  -3.04285e+00   1.01842e-01
 1.97042e+00  -3.03719e+00   1.04379e-01
 2.02836e+00  -3.03112e+00   1.05007e-01
 2.07585e+00  -3.02613e+00   1.05085e-01
 2.12334e+00  -3.02112e+00   1.06034e-01
 2.17083e+00  -3.01602e+00   1.09000e-01
 2.22626e+00  -3.00981e+00   1.16087e-01
 2.27690e+00  -3.00368e+00   1.26276e-01
 2.32754e+00  -2.99697e+00   1.39460e-01
 2.37818e+00  -2.98953e+00   1.54339e-01
 2.42882e+00  -2.98134e+00   1.69138e-01
 2.47227e+00  -2.97374e+00   1.80354e-01
 2.51571e+00  -2.96570e+00   1.89184e-01
 2.55916e+00  -2.95734e+00   1.95104e-01
 2.60506e+00  -2.94830e+00   1.98281e-01
 2.65605e+00  -2.93816e+00   1.99159e-01
 2.69822e+00  -2.92976e+00   1.99244e-01
 2.74039e+00  -2.92134e+00   2.00370e-01
 2.78256e+00  -2.91283e+00   2.04057e-01
 2.82850e+00  -2.90328e+00   2.12414e-01
 2.87935e+00  -2.89211e+00   2.27893e-01
 2.92320e+00  -2.88173e+00   2.46323e-01
 2.96705e+00  -2.87046e+00   2.68368e-01
 3.01090e+00  -2.85817e+00   2.92258e-01
 3.05475e+00  -2.84483e+00   3.15803e-01
 3.09325e+00  -2.83230e+00   3.34421e-01
 3.13175e+00  -2.81912e+00   3.49774e-01
 3.17025e+00  -2.80542e+00   3.61046e-01
 3.20968e+00  -2.79103e+00   3.68170e-01
 3.25444e+00  -2.77446e+00   3.71617e-01
 3.29332e+00  -2.76000e+00   3.72134e-01
 3.33220e+00  -2.74553e+00   3.72374e-01
 3.37109e+00  -2.73102e+00   3.74557e-01
 3.40997e+00  -2.71635e+00   3.80833e-01
 3.45092e+00  -2.70051e+00   3.93766e-01
 3.49598e+00  -2.68228e+00   4.16822e-01
 3.53575e+00  -2.66517e+00   4.44844e-01
 3.57552e+00  -2.64682e+00   4.78913e-01
 3.61529e+00  -2.62703e+00   5.16949e-01
 3.65505e+00  -2.60569e+00   5.56191e-01
 3.68989e+00  -2.58573e+00   5.89152e-01
 3.72473e+00  -2.56468e+00   6.18724e-01
 3.75957e+00  -2.54268e+00   6.43294e-01
 3.79441e+00  -2.51992e+00   6.61835e-01
 3.83015e+00  -2.49603e+00   6.74322e-01
 3.87019e+00  -2.46887e+00   6.81307e-01
 3.90593e+00  -2.44448e+00   6.83102e-01
 3.94166e+00  -2.42006e+00   6.83237e-01
 3.97740e+00  -2.39563e+00   6.84619e-01
 4.01314e+00  -2.37108e+00   6.90241e-01
 4.04887e+00  -2.34621e+00   7.02774e-01
 4.08680e+00  -2.31916e+00   7.25827e-01
 4.12678e+00  -2.28945e+00   7.62194e-01
 4.16677e+00  -2.25805e+00   8.10490e-01
 4.20131e+00  -2.22921e+00   8.60120e-01
 4.23585e+00  -2.19857e+00   9.14565e-01
 4.27039e+00  -2.16601e+00   9.70778e-01
 4.30493e+00  -2.13152e+00   1.02542e+00
 4.33948e+00  -2.09522e+00   1.07527e+00
 4.37402e+00  -2.05733e+00   1.11759e+00
 4.40856e+00  -2.01813e+00   1.15054e+00
 4.44310e+00  -1.97796e+00   1.17343e+00
 4.48000e+00  -1.93437e+00   1.18749e+00
 4.51322e+00  -1.89482e+00   1.19284e+00
 4.54644e+00  -1.85517e+00   1.19400e+00
 4.57965e+00  -1.81551e+00   1.19424e+00
 4.61287e+00  -1.77581e+00   1.19706e+00
 4.64608e+00  -1.73592e+00   1.20575e+00
 4.67930e+00  -1.69561e+00   1.22302e+00
 4.71362e+00  -1.65318e+00   1.25177e+00
 4.74981e+00  -1.60714e+00   1.29480e+00
 4.78601e+00  -1.55930e+00   1.34996e+00
 4.82220e+00  -1.50929e+00   1.41468e+00
 4.85337e+00  -1.46426e+00   1.47513e+00
 4.88454e+00  -1.41732e+00   1.53682e+00
 4.91571e+00  -1.36847e+00   1.59663e+00
 4.94689e+00  -1.31783e+00   1.65164e+00
 4.97806e+00  -1.26558e+00   1.69945e+00
 5.01225e+00  -1.20671e+00   1.74169e+00
 5.04795e+00  -1.14394e+00   1.77349e+00
 5.08364e+00  -1.08025e+00   1.79334e+00
 5.11404e+00  -1.02558e+00   1.80236e+00
 5.14445e+00  -9.70713e-01   1.80614e+00
 5.17485e+00  -9.15785e-01   1.80694e+00
 5.20525e+00  -8.60849e-01   1.80708e+00
 5.23643e+00  -8.04488e-01   1.80874e+00
 5.26930e+00  -7.44962e-01   1.81408e+00
 5.30524e+00  -6.79569e-01   1.82563e+00
 5.34266e+00  -6.10921e-01   1.84434e+00
 5.38094e+00  -5.39852e-01   1.86943e+00
 5.41397e+00  -4.77702e-01   1.89409e+00
 5.44700e+00  -4.14721e-01   1.91940e+00
 5.48003e+00  -3.50923e-01   1.94329e+00
 5.51306e+00  -2.86384e-01   1.96394e+00
 5.54984e+00  -2.13815e-01   1.98161e+00
 5.58816e+00  -1.37630e-01   1.99341e+00
 5.61975e+00  -7.45724e-02   1.99842e+00
 5.65134e+00  -1.14123e-02   2.00009e+00
 5.68293e+00   5.17630e-02   1.99958e+00
 5.71451e+00   1.14904e-01   1.99811e+00
 5.74684e+00   1.79478e-01   1.99666e+00
 5.78216e+00   2.49970e-01   1.99582e+00
 5.82151e+00   3.28517e-01   1.99571e+00
 5.85525e+00   3.95839e-01   1.99522e+00
 5.88899e+00   4.63116e-01   1.99267e+00
 5.92272e+00   5.30243e-01   1.98599e+00
 5.95646e+00   5.97045e-01   1.97312e+00
 5.99019e+00   6.63285e-01   1.95235e+00
 6.02393e+00   7.28674e-01   1.92268e+00
 6.05932e+00   7.96023e-01   1.88207e+00
 6.09567e+00   8.63549e-01   1.83164e+00
 6.12692e+00   9.20039e-01   1.78337e+00
 6.15817e+00   9.74983e-01   1.73307e+00
 6.18942e+00   1.02836e+00   1.68347e+00
 6.22067e+00   1.08023e+00   1.63726e+00
 6.25263e+00   1.13188e+00   1.59594e+00
 6.28777e+00   1.18730e+00   1.55960e+00
 6.32408e+00   1.24341e+00   1.53321e+00
 6.36039e+00   1.29877e+00   1.51775e+00
 6.39231e+00   1.34710e+00   1.51154e+00
 6.42422e+00   1.39531e+00   1.50983e+00
 6.45614e+00   1.44350e+00   1.50970e+00
 6.48806e+00   1.49166e+00   1.50797e+00
 6.51998e+00   1.53971e+00   1.50160e+00
 6.55190e+00   1.58744e+00   1.48800e+00
 6.58545e+00   1.63699e+00   1.46392e+00
 6.62147e+00   1.68908e+00   1.42588e+00
 6.65795e+00   1.74020e+00   1.37503e+00
 6.68887e+00   1.78194e+00   1.32384e+00
 6.71978e+00   1.82201e+00   1.26746e+00
 6.75070e+00   1.86029e+00   1.20853e+00
 6.78162e+00   1.89675e+00   1.14992e+00
 6.81254e+00   1.93143e+00   1.09441e+00
 6.84417e+00   1.96522e+00   1.04338e+00
 6.87730e+00   1.99902e+00   9.98302e-01
 6.91305e+00   2.03400e+00   9.60819e-01
 6.95049e+00   2.06944e+00   9.34252e-01
 6.98867e+00   2.10478e+00   9.19141e-01
 7.02170e+00   2.13503e+00   9.13555e-01
 7.05472e+00   2.16517e+00   9.12165e-01
 7.08775e+00   2.19530e+00   9.12033e-01
 7.12078e+00   2.22540e+00   9.10257e-01
 7.15381e+00   2.25538e+00   9.04302e-01
 7.19048e+00   2.28831e+00   8.90512e-01
 7.22924e+00   2.32239e+00   8.66279e-01
 7.26252e+00   2.35077e+00   8.37510e-01
 7.29581e+00   2.37807e+00   8.02339e-01
 7.32910e+00   2.40413e+00   7.62414e-01
 7.36238e+00   2.42880e+00   7.19862e-01
 7.39567e+00   2.45205e+00   6.77035e-01
 7.42896e+00   2.47390e+00   6.36246e-01
 7.46325e+00   2.49506e+00   5.98495e-01
 7.49860e+00   2.51561e+00   5.65875e-01
 7.53539e+00   2.53593e+00   5.39829e-01
 7.57521e+00   2.55702e+00   5.20903e-01
 7.61743e+00   2.57875e+00   5.10144e-01
 7.65410e+00   2.59738e+00   5.06554e-01
 7.69077e+00   2.61594e+00   5.05892e-01
 7.72744e+00   2.63448e+00   5.05659e-01
 7.76410e+00   2.65300e+00   5.03531e-01
 7.80283e+00   2.67239e+00   4.97198e-01
 7.84562e+00   2.69340e+00   4.83791e-01
 7.88220e+00   2.71080e+00   4.66715e-01
 7.91877e+00   2.72749e+00   4.45052e-01
 7.95534e+00   2.74331e+00   4.20005e-01
 7.99192e+00   2.75819e+00   3.93186e-01
 8.02849e+00   2.77208e+00   3.66375e-01
 8.06612e+00   2.78537e+00   3.40603e-01
 8.10487e+00   2.79811e+00   3.17609e-01
 8.14465e+00   2.81035e+00   2.98933e-01
 8.18617e+00   2.82246e+00   2.85295e-01
 8.23283e+00   2.83555e+00   2.76640e-01
 8.27511e+00   2.84716e+00   2.73517e-01
 8.31740e+00   2.85871e+00   2.72926e-01
 8.35968e+00   2.87025e+00   2.72740e-01
 8.40196e+00   2.88175e+00   2.71007e-01
 8.44742e+00   2.89397e+00   2.65776e-01
 8.49003e+00   2.90512e+00   2.56953e-01
 8.53263e+00   2.91581e+00   2.44438e-01
 8.57524e+00   2.92591e+00   2.29046e-01
 8.61784e+00   2.93531e+00   2.12078e-01
 8.66045e+00   2.94398e+00   1.95056e-01
 8.70306e+00   2.95195e+00   1.79440e-01
 8.74700e+00   2.95953e+00   1.66038e-01
 8.79219e+00   2.96679e+00   1.55897e-01
 8.84024e+00   2.97410e+00   1.49292e-01
 8.89386e+00   2.98201e+00   1.46144e-01
 8.93918e+00   2.98861e+00   1.45606e-01
 8.98450e+00   2.99521e+00   1.45526e-01
 9.02982e+00   3.00179e+00   1.44577e-01
 9.08034e+00   3.00902e+00   1.41310e-01
 9.12767e+00   3.01559e+00   1.35620e-01
 9.17500e+00   3.02182e+00   1.27554e-01
 9.22234e+00   3.02764e+00   1.17830e-01
 9.26967e+00   3.03297e+00   1.07493e-01
 9.31700e+00   3.03782e+00   9.76693e-02
 9.36613e+00   3.04240e+00   8.90454e-02
 9.41671e+00   3.04673e+00   8.25516e-02
 9.47009e+00   3.05101e+00   7.85046e-02
 9.53043e+00   3.05569e+00   7.67652e-02
 9.58137e+00   3.05959e+00   7.65754e-02
 9.63232e+00   3.06349e+00   7.64084e-02
 9.68435e+00   3.06744e+00   7.52806e-02
 9.74543e+00   3.07195e+00   7.19356e-02
 9.79695e+00   3.07554e+00   6.73573e-02
 9.84846e+00   3.07887e+00   6.16142e-02
 9.89997e+00   3.08188e+00   5.54238e-02
 9.95324e+00   3.08467e+00   4.93949e-02
 1.00087e+01   3.08726e+00   4.42973e-02
 1.00659e+01   3.08969e+00   4.07848e-02
 1.01279e+01   3.09215e+00   3.89477e-02
 1.01864e+01   3.09441e+00   3.85225e-02
 1.02449e+01   3.09666e+00   3.84807e-02
 1.03034e+01   3.09890e+00   3.79493e-02
 1.03701e+01   3.10138e+00   3.60095e-02
 1.04281e+01   3.10339e+00   3.30400e-02
 1.04861e+01   3.10519e+00   2.92125e-02
 1.05441e+01   3.10677e+00   2.51218e-02
 1.06042e+01   3.10816e+00   2.12973e-02
 1.06662e+01   3.10939e+00   1.83681e-02
 1.07302e+01   3.11050e+00   1.66724e-02
 1.08041e+01   3.11170e+00   1.60817e-02
 1.08670e+01   3.11271e+00   1.60505e-02
 1.09298e+01   3.11371e+00   1.57178e-02
 1.09989e+01   3.11476e+00   1.44010e-02
 1.10631e+01   3.11562e+00   1.21319e-02
 1.11273e+01   3.11630e+00   9.13220e-03
 1.11915e+01   3.11679e+00   5.94975e-03
 1.12569e+01   3.11708e+00   3.14167e-03
 1.13224e+01   3.11722e+00   1.22939e-03
 1.13902e+01   3.11726e+00   3.04946e-04
 1.14576e+01   3.11728e+00   1.28076e-04
 1.15249e+01   3.11728e+00   4.94909e-05
 1.15923e+01   3.11727e+00  -6.12768e-04
 1.16716e+01   3.11715e+00  -2.69670e-03
 1.17387e+01   3.11688e+00  -5.51834e-03
 1.18057e+01   3.11640e+00  -8.82570e-03
 1.18728e+01   3.11570e+00  -1.19387e-02
 1.19399e+01   3.11481e+00  -1.42411e-02
 1.20069e+01   3.11381e+00  -1.54451e-02
 1.20820e+01   3.11264e+00  -1.57532e-02
 1.21444e+01   3.11165e+00  -1.58130e-02
 1.22069e+01   3.11065e+00  -1.64199e-02
 1.22744e+01   3.10949e+00  -1.83112e-02
 1.23401e+01   3.10818e+00  -2.15702e-02
 1.24058e+01   3.10663e+00  -2.58757e-02
 1.24715e+01   3.10478e+00  -3.04439e-02
 1.25372e+01   3.10264e+00  -3.43440e-02
 1.26029e+01   3.10030e+00  -3.68753e-02
 1.26686e+01   3.09783e+00  -3.79080e-02
 1.27273e+01   3.09560e+00  -3.80282e-02
 1.27861e+01   3.09336e+00  -3.82195e-02
 1.28449e+01   3.09109e+00  -3.93937e-02
 1.29079e+01   3.08852e+00  -4.25286e-02
 1.29680e+01   3.08582e+00  -4.75558e-02
 1.30282e+01   3.08277e+00  -5.41323e-02
 1.30883e+01   3.07929e+00  -6.12770e-02
 1.31412e+01   3.07589e+00  -6.70510e-02
 1.31942e+01   3.07222e+00  -7.15536e-02
 1.32471e+01   3.06835e+00  -7.43590e-02
 1.33029e+01   3.06416e+00  -7.55690e-02
 1.33553e+01   3.06019e+00  -7.57193e-02
 1.34077e+01   3.05622e+00  -7.59613e-02
 1.34601e+01   3.05221e+00  -7.74617e-02
 1.35141e+01   3.04794e+00  -8.13538e-02
 1.35752e+01   3.04275e+00  -8.92573e-02
 1.36273e+01   3.03785e+00  -9.86956e-02
 1.36795e+01   3.03242e+00  -1.09671e-01
 1.37316e+01   3.02641e+00  -1.20824e-01
 1.37838e+01   3.01984e+00  -1.30676e-01
 1.38360e+01   3.01282e+00  -1.38018e-01
 1.38881e+01   3.00550e+00  -1.42299e-01
 1.39410e+01   2.99793e+00  -1.43883e-01
 1.39869e+01   2.99131e+00  -1.44027e-01
 1.40329e+01   2.98469e+00  -1.44399e-01
 1.40788e+01   2.97802e+00  -1.46458e-01
 1.41257e+01   2.97104e+00  -1.51628e-01
 1.41801e+01   2.96252e+00  -1.62561e-01
 1.42271e+01   2.95457e+00  -1.76361e-01
 1.42742e+01   2.94588e+00  -1.93345e-01
 1.43212e+01   2.93635e+00  -2.11982e-01
 1.43682e+01   2.92594e+00  -2.30316e-01
 1.44092e+01   2.91621e+00  -2.44468e-01
 1.44501e+01   2.90596e+00  -2.55804e-01
 1.44911e+01   2.89532e+00  -2.63700e-01
 1.45338e+01   2.88393e+00  -2.68275e-01
 1.45817e+01   2.87104e+00  -2.69937e-01
 1.46219e+01   2.86018e+00  -2.70034e-01
 1.46621e+01   2.84930e+00  -2.70748e-01
 1.47024e+01   2.83836e+00  -2.73892e-01
 1.47437e+01   2.82691e+00  -2.81323e-01
 1.47920e+01   2.81298e+00  -2.96975e-01
 1.48403e+01   2.79809e+00  -3.20582e-01
 1.48811e+01   2.78452e+00  -3.45889e-01
 1.49218e+01   2.76984e+00  -3.74518e-01
 1.49626e+01   2.75397e+00  -4.04327e-01
 1.50033e+01   2.73690e+00  -4.32893e-01
 1.50441e+01   2.71873e+00  -4.57891e-01
 1.50849e+01   2.69965e+00  -4.77507e-01
 1.51256e+01   2.67989e+00  -4.90803e-01
 1.51664e+01   2.65972e+00  -4.97976e-01
 1.52095e+01   2.63818e+00  -5.00480e-01
 1.52453e+01   2.62024e+00  -5.00648e-01
 1.52812e+01   2.60229e+00  -5.01380e-01
 1.53170e+01   2.58427e+00  -5.04988e-01
 1.53529e+01   2.56603e+00  -5.13611e-01
 1.53922e+01   2.54553e+00  -5.30805e-01
 1.54347e+01   2.52240e+00  -5.59777e-01
 1.54771e+01   2.49781e+00  -5.99360e-01
 1.55134e+01   2.47536e+00  -6.40099e-01
 1.55497e+01   2.45135e+00  -6.85037e-01
 1.55859e+01   2.42568e+00  -7.31442e-01
 1.56222e+01   2.39834e+00  -7.76304e-01
 1.56584e+01   2.36945e+00  -8.16712e-01
 1.56947e+01   2.33921e+00  -8.50263e-01
 1.57309e+01   2.30790e+00  -8.75426e-01
 1.57672e+01   2.27584e+00  -8.91821e-01
 1.58057e+01   2.24126e+00  -9.00671e-01
 1.58397e+01   2.21059e+00  -9.03161e-01
 1.58737e+01   2.17987e+00  -9.03387e-01
 1.59077e+01   2.14915e+00  -9.04446e-01
 1.59417e+01   2.11833e+00  -9.09538e-01
 1.59757e+01   2.08722e+00  -9.21574e-01
 1.60103e+01   2.05500e+00  -9.43269e-01
 1.60482e+01   2.01859e+00  -9.79562e-01
 1.60861e+01   1.98054e+00  -1.02899e+00
 1.61241e+01   1.94041e+00  -1.08979e+00
 1.61565e+01   1.90411e+00  -1.14831e+00
 1.61890e+01   1.86586e+00  -1.20982e+00
 1.62214e+01   1.82560e+00  -1.27109e+00
 1.62538e+01   1.78341e+00  -1.32886e+00
 1.62863e+01   1.73944e+00  -1.38021e+00
 1.63187e+01   1.69394e+00  -1.42289e+00
 1.63522e+01   1.64566e+00  -1.45649e+00
 1.63881e+01   1.59292e+00  -1.48047e+00
 1.64247e+01   1.53850e+00  -1.49357e+00
 1.64557e+01   1.49208e+00  -1.49795e+00
 1.64868e+01   1.44558e+00  -1.49882e+00
 1.65178e+01   1.39908e+00  -1.49907e+00
 1.65488e+01   1.35254e+00  -1.50157e+00
 1.65798e+01   1.30586e+00  -1.50893e+00
 1.66116e+01   1.25769e+00  -1.52360e+00
 1.66455e+01   1.20574e+00  -1.54860e+00
 1.66812e+01   1.14973e+00  -1.58583e+00
 1.67175e+01   1.09136e+00  -1.63372e+00
 1.67538e+01   1.03111e+00  -1.68907e+00
 1.67851e+01   9.77461e-01  -1.73988e+00
 1.68164e+01   9.22214e-01  -1.79062e+00
 1.68477e+01   8.65416e-01  -1.83858e+00
 1.68796e+01   8.06043e-01  -1.88222e+00
 1.69153e+01   7.38010e-01  -1.92263e+00
 1.69518e+01   6.67227e-01  -1.95344e+00
 1.69826e+01   6.06853e-01  -1.97130e+00
 1.70133e+01   5.46034e-01  -1.98263e+00
 1.70441e+01   4.84949e-01  -1.98880e+00
 1.70748e+01   4.23734e-01  -1.99139e+00
 1.71056e+01   3.62473e-01  -1.99203e+00
 1.71380e+01   2.97832e-01  -1.99208e+00
 1.71743e+01   2.25519e-01  -1.99265e+00
 1.72138e+01   1.46906e-01  -1.99445e+00
 1.72476e+01   7.94815e-02  -1.99645e+00
 1.72814e+01   1.19984e-02  -1.99772e+00
 1.73151e+01  -5.54944e-02  -1.99678e+00
 1.73489e+01  -1.22898e-01  -1.99219e+00
 1.73827e+01  -1.90068e-01  -1.98288e+00
 1.74182e+01  -2.60221e-01  -1.96753e+00
 1.74562e+01  -3.34541e-01  -1.94534e+00
 1.74886e+01  -3.97172e-01  -1.92300e+00
 1.75210e+01  -4.59053e-01  -1.89927e+00
 1.75533e+01  -5.20168e-01  -1.87606e+00
 1.75857e+01  -5.80566e-01  -1.85526e+00
 1.76193e+01  -6.42529e-01  -1.83788e+00
 1.76573e+01  -7.12202e-01  -1.82448e+00
 1.76954e+01  -7.81495e-01  -1.81771e+00
 1.77289e+01  -8.42356e-01  -1.81590e+00
 1.77624e+01  -9.03191e-01  -1.81576e+00
 1.77959e+01  -9.64011e-01  -1.81449e+00
 1.78294e+01  -1.02473e+00  -1.80903e+00
 1.78629e+01  -1.08515e+00  -1.79646e+00
 1.78964e+01  -1.14500e+00  -1.77446e+00
 1.79299e+01  -1.20393e+00  -1.74166e+00
 1.79655e+01  -1.26507e+00  -1.69488e+00
 1.80015e+01  -1.32509e+00  -1.63636e+00
 1.80322e+01  -1.37439e+00  -1.57994e+00
 1.80628e+01  -1.42190e+00  -1.52010e+00
 1.80935e+01  -1.46756e+00  -1.45970e+00
 1.81241e+01  -1.51140e+00  -1.40171e+00
 1.81548e+01  -1.55354e+00  -1.34883e+00
 1.81872e+01  -1.59644e+00  -1.30089e+00
 1.82230e+01  -1.64231e+00  -1.25934e+00
 1.82594e+01  -1.68752e+00  -1.23028e+00
 1.82957e+01  -1.73190e+00  -1.21338e+00
 1.83277e+01  -1.77058e+00  -1.20655e+00
 1.83597e+01  -1.80912e+00  -1.20457e+00
 1.83917e+01  -1.84764e+00  -1.20443e+00
 1.84236e+01  -1.88614e+00  -1.20300e+00
 1.84556e+01  -1.92454e+00  -1.19740e+00
 1.84886e+01  -1.96379e+00  -1.18481e+00
 1.85256e+01  -2.00729e+00  -1.16032e+00
 1.85627e+01  -2.04967e+00  -1.12420e+00
 1.85946e+01  -2.08488e+00  -1.08451e+00
 1.86264e+01  -2.11872e+00  -1.03838e+00
 1.86583e+01  -2.15101e+00  -9.87947e-01
 1.86902e+01  -2.18167e+00  -9.35745e-01
 1.87220e+01  -2.21066e+00  -8.84427e-01
 1.87539e+01  -2.23807e+00  -8.36496e-01
 1.87869e+01  -2.26492e+00  -7.92692e-01
 1.88212e+01  -2.29149e+00  -7.55151e-01
 1.88578e+01  -2.31851e+00  -7.25297e-01
 1.88970e+01  -2.34649e+00  -7.04653e-01
 1.89374e+01  -2.37471e+00  -6.93869e-01
 1.89715e+01  -2.39831e+00  -6.90648e-01
 1.90056e+01  -2.42185e+00  -6.90164e-01
 1.90397e+01  -2.44539e+00  -6.89778e-01
 1.90738e+01  -2.46888e+00  -6.87044e-01
 1.91101e+01  -2.49369e+00  -6.79361e-01
 1.91505e+01  -2.52085e+00  -6.63237e-01
 1.91857e+01  -2.54384e+00  -6.42243e-01
 1.92209e+01  -2.56598e+00  -6.15314e-01
 1.92561e+01  -2.58709e+00  -5.83747e-01
 1.92913e+01  -2.60703e+00  -5.49377e-01
 1.93264e+01  -2.62574e+00  -5.14317e-01
 1.93616e+01  -2.64324e+00  -4.80688e-01
 1.93977e+01  -2.66002e+00  -4.49651e-01
 1.94348e+01  -2.67618e+00  -4.23024e-01
 1.94731e+01  -2.69197e+00  -4.02092e-01
 1.95142e+01  -2.70816e+00  -3.87256e-01
 1.95588e+01  -2.72521e+00  -3.78946e-01
 1.95974e+01  -2.73976e+00  -3.76444e-01
 1.96359e+01  -2.75426e+00  -3.76103e-01
 1.96744e+01  -2.76876e+00  -3.75728e-01
 1.97130e+01  -2.78320e+00  -3.73355e-01
 1.97560e+01  -2.79915e+00  -3.66573e-01
 1.98016e+01  -2.81558e+00  -3.53602e-01
 1.98396e+01  -2.82873e+00  -3.38358e-01
 1.98775e+01  -2.84123e+00  -3.19883e-01
 1.99155e+01  -2.85299e+00  -2.99403e-01
 1.99535e+01  -2.86396e+00  -2.78375e-01
 1.99928e+01  -2.87450e+00  -2.57575e-01
 2.00335e+01  -2.88458e+00  -2.38631e-01
 2.00753e+01  -2.89422e+00  -2.23070e-01
 2.01186e+01  -2.90361e+00  -2.11700e-01
 2.01664e+01  -2.91352e+00  -2.04540e-01
 2.02117e+01  -2.92272e+00  -2.01823e-01
 2.02570e+01  -2.93185e+00  -2.01339e-01
 2.03023e+01  -2.94097e+00  -2.01140e-01
 2.03476e+01  -2.95005e+00  -1.99463e-01
 2.03976e+01  -2.95992e+00  -1.94422e-01
 2.04416e+01  -2.96830e+00  -1.86736e-01
 2.04855e+01  -2.97629e+00  -1.76269e-01
 2.05295e+01  -2.98377e+00  -1.63843e-01
 2.05734e+01  -2.99068e+00  -1.50612e-01
 2.06174e+01  -2.99702e+00  -1.37829e-01
 2.06632e+01  -3.00305e+00  -1.26189e-01
 2.07103e+01  -3.00877e+00  -1.16905e-01
 2.07592e+01  -3.01432e+00  -1.10559e-01
 2.08149e+01  -3.02037e+00  -1.07064e-01
 2.08637e+01  -3.02556e+00  -1.06239e-01
 2.09124e+01  -3.03074e+00  -1.06181e-01
 2.09612e+01  -3.03590e+00  -1.05610e-01
 2.10128e+01  -3.04131e+00  -1.03345e-01
 2.10635e+01  -3.04644e+00  -9.89295e-02
 2.11141e+01  -3.05130e+00  -9.24403e-02
 2.11648e+01  -3.05578e+00  -8.45237e-02
 2.12154e+01  -3.05985e+00  -7.61500e-02
 2.12660e+01  -3.06350e+00  -6.83503e-02
 2.13183e+01  -3.06689e+00  -6.17991e-02
 2.13720e+01  -3.07008e+00  -5.71861e-02
 2.14300e+01  -3.07331e+00  -5.46165e-02
 2.14859e+01  -3.07634e+00  -5.38800e-02
 2.15418e+01  -3.07935e+00  -5.38270e-02
 2.15977e+01  -3.08235e+00  -5.33790e-02
 2.16565e+01  -3.08544e+00  -5.15958e-02
 2.17119e+01  -3.08822e+00  -4.83522e-02
 2.17674e+01  -3.09078e+00  -4.38001e-02
 2.18228e+01  -3.09307e+00  -3.85374e-02
 2.18783e+01  -3.09506e+00  -3.33388e-02
 2.19358e+01  -3.09684e+00  -2.87877e-02
 2.19946e+01  -3.09843e+00  -2.55441e-02
 2.20566e+01  -3.09995e+00  -2.37850e-02
 2.21187e+01  -3.10140e+00  -2.32973e-02
 2.21808e+01  -3.10285e+00  -2.32579e-02
 2.22429e+01  -3.10428e+00  -2.27681e-02
 2.23100e+01  -3.10576e+00  -2.10075e-02
 2.23703e+01  -3.10695e+00  -1.81701e-02
 2.24307e+01  -3.10794e+00  -1.44589e-02
 2.24911e+01  -3.10869e+00  -1.04744e-02
 2.25526e+01  -3.10922e+00  -6.82743e-03
 2.26142e+01  -3.10955e+00  -4.15621e-03
 2.26774e+01  -3.10976e+00  -2.65511e-03
 2.27507e+01  -3.10993e+00  -2.17295e-03
 2.28125e+01  -3.11006e+00  -2.13950e-03
 2.28744e+01  -3.11018e+00  -1.69572e-03
 2.29414e+01  -3.11025e+00  -1.17835e-04
 2.30056e+01  -3.11018e+00   2.66424e-03
 2.30698e+01  -3.10989e+00   6.40587e-03
 2.31340e+01  -3.10935e+00   1.04593e-02
 2.31982e+01  -3.10856e+00   1.40510e-02
 2.32624e+01  -3.10757e+00   1.65664e-02
 2.33266e+01  -3.10646e+00   1.77997e-02
 2.33985e+01  -3.10516e+00   1.80746e-02
 2.34585e+01  -3.10408e+00   1.81694e-02
 2.35185e+01  -3.10297e+00   1.89485e-02
 2.35843e+01  -3.10166e+00   2.12678e-02
 2.36470e+01  -3.10021e+00   2.51027e-02
 2.37097e+01  -3.09848e+00   3.01442e-02
 2.37725e+01  -3.09642e+00   3.55636e-02
 2.38352e+01  -3.09403e+00   4.03541e-02
 2.38979e+01  -3.09139e+00   4.36969e-02
 2.39606e+01  -3.08859e+00   4.53108e-02
 2.40271e+01  -3.08556e+00   4.56442e-02
 2.40817e+01  -3.08307e+00   4.57531e-02
 2.41362e+01  -3.08056e+00   4.66768e-02
 2.41934e+01  -3.07782e+00   4.93660e-02
 2.42591e+01  -3.07440e+00   5.51648e-02
 2.43153e+01  -3.07111e+00   6.21677e-02
 2.43714e+01  -3.06740e+00   7.02196e-02
 2.44275e+01  -3.06323e+00   7.81473e-02
 2.44836e+01  -3.05865e+00   8.47497e-02
 2.45397e+01  -3.05376e+00   8.91792e-02
 2.45959e+01  -3.04869e+00   9.12727e-02
 2.46553e+01  -3.04324e+00   9.17072e-02
 2.47040e+01  -3.03878e+00   9.18361e-02
 2.47526e+01  -3.03429e+00   9.29762e-02
 2.48024e+01  -3.02959e+00   9.62838e-02
 2.48616e+01  -3.02369e+00   1.03973e-01
 2.49125e+01  -3.01815e+00   1.13949e-01
 2.49635e+01  -3.01204e+00   1.26291e-01
 2.50144e+01  -3.00526e+00   1.39660e-01
 2.50654e+01  -2.99781e+00   1.52393e-01
 2.51098e+01  -2.99082e+00   1.61726e-01
 2.51543e+01  -2.98347e+00   1.68598e-01
 2.51987e+01  -2.97587e+00   1.72740e-01
 2.52497e+01  -2.96701e+00   1.74593e-01
 2.52941e+01  -2.95926e+00   1.74781e-01
 2.53384e+01  -2.95150e+00   1.75134e-01
 2.53828e+01  -2.94370e+00   1.77250e-01
 2.54272e+01  -2.93573e+00   1.82564e-01
 2.54796e+01  -2.92587e+00   1.94262e-01
 2.55255e+01  -2.91663e+00   2.09536e-01
 2.55713e+01  -2.90660e+00   2.28788e-01
 2.56171e+01  -2.89562e+00   2.50473e-01
 2.56630e+01  -2.88363e+00   2.72488e-01
 2.57027e+01  -2.87246e+00   2.90053e-01
 2.57424e+01  -2.86064e+00   3.04840e-01
 2.57820e+01  -2.84831e+00   3.15934e-01
 2.58217e+01  -2.83562e+00   3.23012e-01
 2.58664e+01  -2.82108e+00   3.26689e-01
 2.59070e+01  -2.80782e+00   3.27406e-01
 2.59475e+01  -2.79455e+00   3.27555e-01
 2.59880e+01  -2.78125e+00   3.29340e-01
 2.60285e+01  -2.76781e+00   3.34934e-01
 2.60704e+01  -2.75357e+00   3.46580e-01
 2.61166e+01  -2.73710e+00   3.67660e-01
 2.61572e+01  -2.72169e+00   3.93251e-01
 2.61977e+01  -2.70513e+00   4.24363e-01
 2.62383e+01  -2.68722e+00   4.59003e-01
 2.62788e+01  -2.66789e+00   4.94545e-01
 2.63144e+01  -2.64977e+00   5.24175e-01
 2.63499e+01  -2.63065e+00   5.50449e-01
 2.63855e+01  -2.61068e+00   5.71906e-01
 2.64211e+01  -2.59005e+00   5.87678e-01
 2.64579e+01  -2.56817e+00   5.97931e-01
 2.64990e+01  -2.54351e+00   6.03080e-01
 2.65348e+01  -2.52191e+00   6.04069e-01
 2.65705e+01  -2.50028e+00   6.04223e-01
 2.66063e+01  -2.47863e+00   6.06222e-01
 2.66421e+01  -2.45684e+00   6.12739e-01
 2.66779e+01  -2.43469e+00   6.26076e-01
 2.67187e+01  -2.40868e+00   6.51597e-01
 2.67595e+01  -2.38138e+00   6.88894e-01
 2.68003e+01  -2.35233e+00   7.37030e-01
 2.68350e+01  -2.32594e+00   7.84553e-01
 2.68697e+01  -2.29784e+00   8.35533e-01
 2.69044e+01  -2.26794e+00   8.87021e-01
 2.69391e+01  -2.23630e+00   9.35921e-01
 2.69738e+01  -2.20305e+00   9.79366e-01
 2.70085e+01  -2.16842e+00   1.01509e+00
 2.70432e+01  -2.13270e+00   1.04175e+00
 2.70789e+01  -2.09522e+00   1.05950e+00
 2.71165e+01  -2.05513e+00   1.06894e+00
 2.71493e+01  -2.02004e+00   1.07159e+00
 2.71820e+01  -1.98491e+00   1.07184e+00
 2.72148e+01  -1.94977e+00   1.07282e+00
 2.72476e+01  -1.91454e+00   1.07770e+00
 2.72804e+01  -1.87905e+00   1.08935e+00
 2.73136e+01  -1.84256e+00   1.11035e+00
 2.73503e+01  -1.80120e+00   1.14593e+00
 2.73870e+01  -1.75830e+00   1.19465e+00
 2.74242e+01  -1.71277e+00   1.25585e+00
 2.74563e+01  -1.67139e+00   1.31592e+00
 2.74885e+01  -1.62801e+00   1.37952e+00
 2.75207e+01  -1.58257e+00   1.44333e+00
 2.75529e+01  -1.53512e+00   1.50396e+00
 2.75851e+01  -1.48581e+00   1.55836e+00
 2.76173e+01  -1.43488e+00   1.60416e+00
 2.76521e+01  -1.37838e+00   1.64234e+00
 2.76879e+01  -1.31904e+00   1.66903e+00
 2.77237e+01  -1.25896e+00   1.68418e+00
 2.77543e+01  -1.20743e+00   1.69000e+00
 2.77848e+01  -1.15579e+00   1.69169e+00
 2.78153e+01  -1.10413e+00   1.69181e+00
 2.78459e+01  -1.05245e+00   1.69291e+00
 2.78769e+01  -9.99817e-01   1.69738e+00
 2.79094e+01  -9.44545e-01   1.70759e+00
 2.79445e+01  -8.84365e-01   1.72632e+00
 2.79810e+01  -8.20823e-01   1.75447e+00
 2.80183e+01  -7.54761e-01   1.79094e+00
 2.80510e+01  -6.95501e-01   1.82730e+00
 2.80838e+01  -6.35018e-01   1.86518e+00
 2.81165e+01  -5.73303e-01   1.90204e+00
 2.81493e+01  -5.10431e-01   1.93556e+00
 2.81843e+01  -4.42141e-01   1.96568e+00
 2.82217e+01  -3.68106e-01   1.99007e+00
 2.82533e+01  -3.05125e-01   2.00427e+00
 2.82848e+01  -2.41781e-01   2.01328e+00
 2.83163e+01  -1.78220e-01   2.01821e+00
 2.83478e+01  -1.14552e-01   2.02035e+00
 2.83794e+01  -5.08430e-02   2.02097e+00
 2.84124e+01   1.59947e-02   2.02103e+00
 2.84503e+01   9.24480e-02   2.02101e+00
 2.84904e+01   1.73550e-01   2.02054e+00
 2.85227e+01   2.38749e-01   2.01871e+00
 2.85550e+01   3.03848e-01   2.01411e+00
 2.85872e+01   3.68734e-01   2.00524e+00
 2.86195e+01   4.33246e-01   1.99073e+00
 2.86518e+01   4.97185e-01   1.96966e+00
 2.86855e+01   5.63085e-01   1.94040e+00
 2.87220e+01   6.33279e-01   1.90110e+00
 2.87586e+01   7.01924e-01   1.85602e+00
 2.87897e+01   7.59017e-01   1.81545e+00
 2.88208e+01   8.14849e-01   1.77530e+00
 2.88519e+01   8.69470e-01   1.73789e+00
 2.88840e+01   9.24810e-01   1.70427e+00
 2.89195e+01   9.84637e-01   1.67513e+00
 2.89562e+01   1.04580e+00   1.65464e+00
 2.89930e+01   1.10638e+00   1.64351e+00
 2.90250e+01   1.15894e+00   1.63976e+00
 2.90570e+01   1.21143e+00   1.63912e+00
 2.90890e+01   1.26391e+00   1.63872e+00
 2.91210e+01   1.31634e+00   1.63549e+00
 2.91531e+01   1.36859e+00   1.62652e+00
 2.91851e+01   1.42042e+00   1.60942e+00
 2.92184e+01   1.47361e+00   1.58129e+00
 2.92541e+01   1.52936e+00   1.53881e+00
 2.92903e+01   1.58410e+00   1.48368e+00
 2.93211e+01   1.62889e+00   1.42921e+00
 2.93518e+01   1.67193e+00   1.37016e+00
 2.93825e+01   1.71312e+00   1.30932e+00
 2.94133e+01   1.75245e+00   1.24963e+00
 2.94440e+01   1.79000e+00   1.19388e+00
 2.94757e+01   1.82702e+00   1.14305e+00
 2.95094e+01   1.86476e+00   1.09853e+00
 2.95461e+01   1.90439e+00   1.06249e+00
 2.95833e+01   1.94334e+00   1.03912e+00
 2.96211e+01   1.98245e+00   1.02684e+00
 2.96531e+01   2.01518e+00   1.02304e+00
 2.96850e+01   2.04785e+00   1.02240e+00
 2.97170e+01   2.08052e+00   1.02205e+00
 2.97489e+01   2.11314e+00   1.01921e+00
 2.97818e+01   2.14646e+00   1.01123e+00
 2.98188e+01   2.18361e+00   9.93806e-01
 2.98570e+01   2.22106e+00   9.65221e-01
 2.98896e+01   2.25207e+00   9.32451e-01
 2.99223e+01   2.28189e+00   8.93158e-01
 2.99549e+01   2.31035e+00   8.49167e-01
 2.99876e+01   2.33732e+00   8.02760e-01
 3.00203e+01   2.36278e+00   7.56409e-01
 3.00529e+01   2.38675e+00   7.12515e-01
 3.00866e+01   2.41005e+00   6.72027e-01
 3.01214e+01   2.43280e+00   6.37072e-01
 3.01578e+01   2.45547e+00   6.09112e-01
 3.01977e+01   2.47934e+00   5.88719e-01
 3.02392e+01   2.50348e+00   5.77496e-01
 3.02749e+01   2.52401e+00   5.73810e-01
 3.03105e+01   2.54446e+00   5.73133e-01
 3.03462e+01   2.56491e+00   5.72889e-01
 3.03819e+01   2.58532e+00   5.70671e-01
 3.04194e+01   2.60663e+00   5.64093e-01
 3.04612e+01   2.62994e+00   5.49978e-01
 3.04973e+01   2.64945e+00   5.31656e-01
 3.05333e+01   2.66821e+00   5.08177e-01
 3.05694e+01   2.68605e+00   4.80762e-01
 3.06054e+01   2.70285e+00   4.51103e-01
 3.06415e+01   2.71857e+00   4.21115e-01
 3.06780e+01   2.73344e+00   3.92286e-01
 3.07157e+01   2.74769e+00   3.66095e-01
 3.07543e+01   2.76138e+00   3.44234e-01
 3.07943e+01   2.77481e+00   3.27682e-01
 3.08381e+01   2.78889e+00   3.16569e-01
 3.08851e+01   2.80361e+00   3.11269e-01
 3.09242e+01   2.81578e+00   3.10179e-01
 3.09634e+01   2.82793e+00   3.10099e-01
 3.10026e+01   2.84007e+00   3.09174e-01
 3.10437e+01   2.85272e+00   3.05628e-01
 3.10906e+01   2.86686e+00   2.97005e-01
 3.11306e+01   2.87851e+00   2.85471e-01
 3.11705e+01   2.88964e+00   2.70561e-01
 3.12105e+01   2.90012e+00   2.53283e-01
 3.12505e+01   2.90988e+00   2.34979e-01
 3.12910e+01   2.91903e+00   2.16859e-01
 3.13330e+01   2.92776e+00   2.00019e-01
 3.13761e+01   2.93607e+00   1.85908e-01
 3.14159e+01   2.94328e+00   1.76336e-01
