 1.00000e-06  -3.11018e+00   3.01543e-08
 6.00000e-06  -3.11018e+00   1.43233e-07
 3.10000e-05  -3.11018e+00  -2.33692e-07
 1.56000e-04  -3.11018e+00  -2.56739e-05
 7.81000e-04  -3.11018e+00  -7.40283e-04
 2.36017e-03  -3.11018e+00  -6.79522e-03
 4.45944e-03  -3.11021e+00  -2.32228e-02
 6.24679e-03  -3.11027e+00  -4.27288e-02
 8.03414e-03  -3.11037e+00  -6.46856e-02
 9.82148e-03  -3.11050e+00  -8.62783e-02
 1.16088e-02  -3.11067e+00  -1.04760e-01
 1.34411e-02  -3.11088e+00  -1.18058e-01
 1.54287e-02  -3.11112e+00  -1.24089e-01
 1.74164e-02  -3.11136e+00  -1.20621e-01
 1.91232e-02  -3.11156e+00  -1.10540e-01
 2.08299e-02  -3.11174e+00  -9.51623e-02
 2.25367e-02  -3.11189e+00  -7.62961e-02
 2.42434e-02  -3.11200e+00  -5.61184e-02
 2.59502e-02  -3.11208e+00  -3.69319e-02
 2.76569e-02  -3.11213e+00  -2.09143e-02
 2.93637e-02  -3.11215e+00  -9.88090e-03
 3.10704e-02  -3.11216e+00  -5.08207e-03
 3.28340e-02  -3.11217e+00  -7.24004e-03
 3.47577e-02  -3.11220e+00  -1.74872e-02
 3.66083e-02  -3.11224e+00  -3.37216e-02
 3.85328e-02  -3.11233e+00  -5.48036e-02
 4.04574e-02  -3.11245e+00  -7.70658e-02
 4.23819e-02  -3.11262e+00  -9.72162e-02
 4.43065e-02  -3.11283e+00  -1.12314e-01
 4.64319e-02  -3.11307e+00  -1.20568e-01
 4.82529e-02  -3.11329e+00  -1.19622e-01
 5.00739e-02  -3.11351e+00  -1.11475e-01
 5.18950e-02  -3.11370e+00  -9.72844e-02
 5.37160e-02  -3.11386e+00  -7.89624e-02
 5.55370e-02  -3.11398e+00  -5.89211e-02
 5.73581e-02  -3.11407e+00  -3.97638e-02
 5.91791e-02  -3.11413e+00  -2.39615e-02
 6.10001e-02  -3.11416e+00  -1.35474e-02
 6.28212e-02  -3.11418e+00  -9.85879e-03
 6.46422e-02  -3.11420e+00  -1.33607e-02
 6.66659e-02  -3.11424e+00  -2.50753e-02
 6.85421e-02  -3.11430e+00  -4.16549e-02
 7.04183e-02  -3.11440e+00  -6.13390e-02
 7.22945e-02  -3.11453e+00  -8.13447e-02
 7.41707e-02  -3.11470e+00  -9.88657e-02
 7.60469e-02  -3.11490e+00  -1.11483e-01
 7.83547e-02  -3.11517e+00  -1.17860e-01
 8.01625e-02  -3.11538e+00  -1.15106e-01
 8.19703e-02  -3.11558e+00  -1.05973e-01
 8.37782e-02  -3.11576e+00  -9.17190e-02
 8.55860e-02  -3.11591e+00  -7.42275e-02
 8.73939e-02  -3.11603e+00  -5.57602e-02
 8.92017e-02  -3.11611e+00  -3.86762e-02
 9.10095e-02  -3.11617e+00  -2.51437e-02
 9.28174e-02  -3.11621e+00  -1.68749e-02
 9.46252e-02  -3.11623e+00  -1.49107e-02
 9.64959e-02  -3.11627e+00  -1.97554e-02
 9.86654e-02  -3.11632e+00  -3.31668e-02
 1.00528e-01  -3.11640e+00  -4.95129e-02
 1.02391e-01  -3.11651e+00  -6.79347e-02
 1.04253e-01  -3.11665e+00  -8.58686e-02
 1.06116e-01  -3.11683e+00  -1.00845e-01
 1.08064e-01  -3.11703e+00  -1.11157e-01
 1.09997e-01  -3.11725e+00  -1.14571e-01
 1.11982e-01  -3.11748e+00  -1.10608e-01
 1.13966e-01  -3.11769e+00  -9.98172e-02
 1.15951e-01  -3.11787e+00  -8.39659e-02
 1.17936e-01  -3.11802e+00  -6.55523e-02
 1.19920e-01  -3.11813e+00  -4.74229e-02
 1.21905e-01  -3.11821e+00  -3.23499e-02
 1.23890e-01  -3.11826e+00  -2.26245e-02
 1.25875e-01  -3.11830e+00  -1.97156e-02
 1.27859e-01  -3.11835e+00  -2.40414e-02
 1.30057e-01  -3.11841e+00  -3.63837e-02
 1.31951e-01  -3.11849e+00  -5.16088e-02
 1.33845e-01  -3.11861e+00  -6.87839e-02
 1.35739e-01  -3.11875e+00  -8.54383e-02
 1.37633e-01  -3.11893e+00  -9.92047e-02
 1.39631e-01  -3.11914e+00  -1.08494e-01
 1.41584e-01  -3.11935e+00  -1.11098e-01
 1.43575e-01  -3.11957e+00  -1.06872e-01
 1.45566e-01  -3.11977e+00  -9.64837e-02
 1.47556e-01  -3.11995e+00  -8.16407e-02
 1.49547e-01  -3.12010e+00  -6.46957e-02
 1.51538e-01  -3.12021e+00  -4.82816e-02
 1.53529e-01  -3.12029e+00  -3.49192e-02
 1.55519e-01  -3.12035e+00  -2.66463e-02
 1.57510e-01  -3.12040e+00  -2.47112e-02
 1.59501e-01  -3.12046e+00  -2.93776e-02
 1.61820e-01  -3.12054e+00  -4.20570e-02
 1.63722e-01  -3.12063e+00  -5.64392e-02
 1.65623e-01  -3.12075e+00  -7.21830e-02
 1.67525e-01  -3.12090e+00  -8.70084e-02
 1.69427e-01  -3.12108e+00  -9.87999e-02
 1.71536e-01  -3.12130e+00  -1.06364e-01
 1.73511e-01  -3.12151e+00  -1.07167e-01
 1.75486e-01  -3.12172e+00  -1.01872e-01
 1.77461e-01  -3.12191e+00  -9.14031e-02
 1.79436e-01  -3.12208e+00  -7.74416e-02
 1.81411e-01  -3.12222e+00  -6.21573e-02
 1.83386e-01  -3.12232e+00  -4.78809e-02
 1.85361e-01  -3.12241e+00  -3.67642e-02
 1.87336e-01  -3.12247e+00  -3.04678e-02
 1.89312e-01  -3.12253e+00  -2.99146e-02
 1.91346e-01  -3.12260e+00  -3.53891e-02
 1.93505e-01  -3.12268e+00  -4.68333e-02
 1.95663e-01  -3.12280e+00  -6.19431e-02
 1.97556e-01  -3.12293e+00  -7.59881e-02
 1.99450e-01  -3.12309e+00  -8.86680e-02
 2.01398e-01  -3.12327e+00  -9.84156e-02
 2.03727e-01  -3.12351e+00  -1.03799e-01
 2.05684e-01  -3.12371e+00  -1.02367e-01
 2.07642e-01  -3.12391e+00  -9.58019e-02
 2.09599e-01  -3.12408e+00  -8.51890e-02
 2.11557e-01  -3.12424e+00  -7.21844e-02
 2.13514e-01  -3.12437e+00  -5.87607e-02
 2.15472e-01  -3.12447e+00  -4.69188e-02
 2.17430e-01  -3.12455e+00  -3.84027e-02
 2.19387e-01  -3.12462e+00  -3.44500e-02
 2.21365e-01  -3.12469e+00  -3.56504e-02
 2.23534e-01  -3.12477e+00  -4.26647e-02
 2.25584e-01  -3.12487e+00  -5.35717e-02
 2.27659e-01  -3.12500e+00  -6.69075e-02
 2.29734e-01  -3.12515e+00  -8.02535e-02
 2.31809e-01  -3.12533e+00  -9.13370e-02
 2.33935e-01  -3.12553e+00  -9.84333e-02
 2.36008e-01  -3.12574e+00  -1.00103e-01
 2.38102e-01  -3.12594e+00  -9.63661e-02
 2.40197e-01  -3.12614e+00  -8.79476e-02
 2.42291e-01  -3.12631e+00  -7.63880e-02
 2.44386e-01  -3.12646e+00  -6.37146e-02
 2.46480e-01  -3.12658e+00  -5.20969e-02
 2.48574e-01  -3.12668e+00  -4.34902e-02
 2.50669e-01  -3.12676e+00  -3.93189e-02
 2.52763e-01  -3.12685e+00  -4.02407e-02
 2.55001e-01  -3.12694e+00  -4.65852e-02
 2.57101e-01  -3.12705e+00  -5.64180e-02
 2.59202e-01  -3.12718e+00  -6.82065e-02
 2.61302e-01  -3.12734e+00  -7.98600e-02
 2.63402e-01  -3.12751e+00  -8.93522e-02
 2.65620e-01  -3.12772e+00  -9.52756e-02
 2.67736e-01  -3.12792e+00  -9.60781e-02
 2.69852e-01  -3.12812e+00  -9.21289e-02
 2.71967e-01  -3.12831e+00  -8.42456e-02
 2.74083e-01  -3.12848e+00  -7.38966e-02
 2.76199e-01  -3.12862e+00  -6.29294e-02
 2.78314e-01  -3.12875e+00  -5.32516e-02
 2.80430e-01  -3.12885e+00  -4.65132e-02
 2.82546e-01  -3.12894e+00  -4.38341e-02
 2.84661e-01  -3.12904e+00  -4.56164e-02
 2.87083e-01  -3.12916e+00  -5.26033e-02
 2.89208e-01  -3.12928e+00  -6.17854e-02
 2.91333e-01  -3.12942e+00  -7.20665e-02
 2.93457e-01  -3.12958e+00  -8.15908e-02
 2.95582e-01  -3.12976e+00  -8.86853e-02
 2.98107e-01  -3.12999e+00  -9.23612e-02
 3.00211e-01  -3.13019e+00  -9.09874e-02
 3.02315e-01  -3.13038e+00  -8.59296e-02
 3.04420e-01  -3.13055e+00  -7.81694e-02
 3.06524e-01  -3.13070e+00  -6.91123e-02
 3.08628e-01  -3.13084e+00  -6.03387e-02
 3.10733e-01  -3.13096e+00  -5.33395e-02
 3.12837e-01  -3.13107e+00  -4.92725e-02
 3.14988e-01  -3.13117e+00  -4.88057e-02
 3.17301e-01  -3.13129e+00  -5.24535e-02
 3.19552e-01  -3.13141e+00  -5.93206e-02
 3.21875e-01  -3.13156e+00  -6.82915e-02
 3.24198e-01  -3.13173e+00  -7.72405e-02
 3.26521e-01  -3.13192e+00  -8.42779e-02
 3.28990e-01  -3.13213e+00  -8.80957e-02
 3.31203e-01  -3.13233e+00  -8.77046e-02
 3.33416e-01  -3.13252e+00  -8.39122e-02
 3.35628e-01  -3.13270e+00  -7.75679e-02
 3.37841e-01  -3.13286e+00  -6.99618e-02
 3.40054e-01  -3.13301e+00  -6.25673e-02
 3.42267e-01  -3.13314e+00  -5.67667e-02
 3.44480e-01  -3.13326e+00  -5.36032e-02
 3.46755e-01  -3.13338e+00  -5.36436e-02
 3.49258e-01  -3.13352e+00  -5.73889e-02
 3.51593e-01  -3.13366e+00  -6.34788e-02
 3.53928e-01  -3.13382e+00  -7.06659e-02
 3.56263e-01  -3.13399e+00  -7.73769e-02
 3.58598e-01  -3.13418e+00  -8.22066e-02
 3.61133e-01  -3.13439e+00  -8.42493e-02
 3.63669e-01  -3.13460e+00  -8.26603e-02
 3.65908e-01  -3.13478e+00  -7.86953e-02
 3.68147e-01  -3.13495e+00  -7.32329e-02
 3.70386e-01  -3.13511e+00  -6.73921e-02
 3.72689e-01  -3.13526e+00  -6.21846e-02
 3.75042e-01  -3.13540e+00  -5.87482e-02
 3.77448e-01  -3.13554e+00  -5.78605e-02
 3.80031e-01  -3.13569e+00  -5.99314e-02
 3.82484e-01  -3.13584e+00  -6.41778e-02
 3.85025e-01  -3.13601e+00  -6.97242e-02
 3.87566e-01  -3.13620e+00  -7.50014e-02
 3.90106e-01  -3.13639e+00  -7.87130e-02
 3.92702e-01  -3.13660e+00  -8.00490e-02
 3.95298e-01  -3.13681e+00  -7.87533e-02
 3.97894e-01  -3.13701e+00  -7.53656e-02
 4.00490e-01  -3.13720e+00  -7.09150e-02
 4.03086e-01  -3.13737e+00  -6.66140e-02
 4.05682e-01  -3.13754e+00  -6.35397e-02
 4.08323e-01  -3.13771e+00  -6.23732e-02
 4.11160e-01  -3.13789e+00  -6.34743e-02
 4.13835e-01  -3.13806e+00  -6.62529e-02
 4.16586e-01  -3.13825e+00  -6.98976e-02
 4.19338e-01  -3.13844e+00  -7.32191e-02
 4.22154e-01  -3.13865e+00  -7.53313e-02
 4.24836e-01  -3.13886e+00  -7.57051e-02
 4.27518e-01  -3.13906e+00  -7.45872e-02
 4.30200e-01  -3.13926e+00  -7.24883e-02
 4.32882e-01  -3.13945e+00  -7.01165e-02
 4.35694e-01  -3.13964e+00  -6.80724e-02
 4.38756e-01  -3.13985e+00  -6.69493e-02
 4.42300e-01  -3.14008e+00  -6.72416e-02
 4.45417e-01  -3.14030e+00  -6.84706e-02
 4.48534e-01  -3.14051e+00  -6.99093e-02
 4.51695e-01  -3.14073e+00  -7.09788e-02
 4.54735e-01  -3.14095e+00  -7.13895e-02
 4.57775e-01  -3.14117e+00  -7.13089e-02
 4.60815e-01  -3.14138e+00  -7.10586e-02
 4.63953e-01  -3.14161e+00  -7.09440e-02
 4.67883e-01  -3.14189e+00  -7.11372e-02
 4.71033e-01  -3.14211e+00  -7.13000e-02
 4.74183e-01  -3.14234e+00  -7.10767e-02
 4.77333e-01  -3.14256e+00  -7.02390e-02
 4.80501e-01  -3.14278e+00  -6.89021e-02
 4.83703e-01  -3.14300e+00  -6.75705e-02
 4.86904e-01  -3.14321e+00  -6.69748e-02
 4.90162e-01  -3.14343e+00  -6.76850e-02
 4.93388e-01  -3.14365e+00  -6.97318e-02
 4.96614e-01  -3.14388e+00  -7.24923e-02
 4.99350e-01  -3.14408e+00  -7.45696e-02
 5.02086e-01  -3.14429e+00  -7.56257e-02
 5.04822e-01  -3.14450e+00  -7.51416e-02
 5.07591e-01  -3.14470e+00  -7.29989e-02
 5.10225e-01  -3.14489e+00  -6.98385e-02
 5.12964e-01  -3.14508e+00  -6.62674e-02
 5.15704e-01  -3.14525e+00  -6.34952e-02
 5.18443e-01  -3.14542e+00  -6.24800e-02
 5.21260e-01  -3.14560e+00  -6.37785e-02
 5.24076e-01  -3.14579e+00  -6.72542e-02
 5.26893e-01  -3.14598e+00  -7.19862e-02
 5.29709e-01  -3.14619e+00  -7.65617e-02
 5.32141e-01  -3.14638e+00  -7.92275e-02
 5.34573e-01  -3.14658e+00  -7.99011e-02
 5.37006e-01  -3.14677e+00  -7.82572e-02
 5.39748e-01  -3.14698e+00  -7.39244e-02
 5.42172e-01  -3.14715e+00  -6.87816e-02
 5.44595e-01  -3.14731e+00  -6.36136e-02
 5.47018e-01  -3.14746e+00  -5.96644e-02
 5.49587e-01  -3.14761e+00  -5.79287e-02
 5.52133e-01  -3.14776e+00  -5.92674e-02
 5.54680e-01  -3.14791e+00  -6.34623e-02
 5.57226e-01  -3.14808e+00  -6.95741e-02
 5.59773e-01  -3.14827e+00  -7.61224e-02
 5.62319e-01  -3.14847e+00  -8.14314e-02
 5.64866e-01  -3.14868e+00  -8.40426e-02
 5.67413e-01  -3.14889e+00  -8.31080e-02
 5.69959e-01  -3.14910e+00  -7.86637e-02
 5.72269e-01  -3.14928e+00  -7.23985e-02
 5.74626e-01  -3.14944e+00  -6.51666e-02
 5.76982e-01  -3.14958e+00  -5.86717e-02
 5.79338e-01  -3.14972e+00  -5.44028e-02
 5.82073e-01  -3.14986e+00  -5.35674e-02
 5.84382e-01  -3.14999e+00  -5.66078e-02
 5.86691e-01  -3.15013e+00  -6.25461e-02
 5.89001e-01  -3.15028e+00  -7.02228e-02
 5.91310e-01  -3.15045e+00  -7.80766e-02
 5.93620e-01  -3.15064e+00  -8.44490e-02
 5.95929e-01  -3.15084e+00  -8.79212e-02
 5.98238e-01  -3.15104e+00  -8.76256e-02
 6.00548e-01  -3.15124e+00  -8.34641e-02
 6.02895e-01  -3.15143e+00  -7.60377e-02
 6.05270e-01  -3.15160e+00  -6.68081e-02
 6.07645e-01  -3.15175e+00  -5.78910e-02
 6.10019e-01  -3.15188e+00  -5.13239e-02
 6.12455e-01  -3.15200e+00  -4.86474e-02
 6.14708e-01  -3.15211e+00  -5.04784e-02
 6.16962e-01  -3.15223e+00  -5.61860e-02
 6.19215e-01  -3.15236e+00  -6.47163e-02
 6.21469e-01  -3.15252e+00  -7.44322e-02
 6.23722e-01  -3.15270e+00  -8.34179e-02
 6.25976e-01  -3.15289e+00  -8.98406e-02
 6.28230e-01  -3.15310e+00  -9.23134e-02
 6.30483e-01  -3.15331e+00  -9.01943e-02
 6.32807e-01  -3.15351e+00  -8.34969e-02
 6.34954e-01  -3.15368e+00  -7.43461e-02
 6.37102e-01  -3.15383e+00  -6.40102e-02
 6.39249e-01  -3.15395e+00  -5.43847e-02
 6.41397e-01  -3.15406e+00  -4.72722e-02
 6.43756e-01  -3.15417e+00  -4.39571e-02
 6.45926e-01  -3.15427e+00  -4.57514e-02
 6.48097e-01  -3.15437e+00  -5.19436e-02
 6.50267e-01  -3.15449e+00  -6.14599e-02
 6.52438e-01  -3.15464e+00  -7.25995e-02
 6.54609e-01  -3.15481e+00  -8.33302e-02
 6.56779e-01  -3.15500e+00  -9.16436e-02
 6.58950e-01  -3.15520e+00  -9.59181e-02
 6.61120e-01  -3.15541e+00  -9.52321e-02
 6.63291e-01  -3.15561e+00  -8.95695e-02
 6.65480e-01  -3.15580e+00  -7.97671e-02
 6.67702e-01  -3.15596e+00  -6.74504e-02
 6.69924e-01  -3.15610e+00  -5.51340e-02
 6.72146e-01  -3.15621e+00  -4.52622e-02
 6.74368e-01  -3.15630e+00  -3.98262e-02
 6.76504e-01  -3.15639e+00  -3.98450e-02
 6.78666e-01  -3.15648e+00  -4.51694e-02
 6.80827e-01  -3.15659e+00  -5.49222e-02
 6.82989e-01  -3.15672e+00  -6.73779e-02
 6.85151e-01  -3.15688e+00  -8.02959e-02
 6.87312e-01  -3.15706e+00  -9.13083e-02
 6.89474e-01  -3.15727e+00  -9.83362e-02
 6.91635e-01  -3.15748e+00  -9.99737e-02
 6.93797e-01  -3.15770e+00  -9.57742e-02
 6.96131e-01  -3.15791e+00  -8.54419e-02
 6.98129e-01  -3.15807e+00  -7.33627e-02
 7.00126e-01  -3.15820e+00  -6.02694e-02
 7.02124e-01  -3.15831e+00  -4.82496e-02
 7.04121e-01  -3.15840e+00  -3.92441e-02
 7.06356e-01  -3.15848e+00  -3.45304e-02
 7.08411e-01  -3.15855e+00  -3.60153e-02
 7.10467e-01  -3.15863e+00  -4.28996e-02
 7.12522e-01  -3.15873e+00  -5.40938e-02
 7.14578e-01  -3.15885e+00  -6.77909e-02
 7.16633e-01  -3.15901e+00  -8.17530e-02
 7.18689e-01  -3.15919e+00  -9.36620e-02
 7.20744e-01  -3.15939e+00  -1.01489e-01
 7.22800e-01  -3.15960e+00  -1.03832e-01
 7.24855e-01  -3.15981e+00  -1.00173e-01
 7.27051e-01  -3.16002e+00  -9.02008e-02
 7.29034e-01  -3.16019e+00  -7.72620e-02
 7.31018e-01  -3.16033e+00  -6.26316e-02
 7.33001e-01  -3.16044e+00  -4.86007e-02
 7.34985e-01  -3.16052e+00  -3.73938e-02
 7.37066e-01  -3.16059e+00  -3.06197e-02
 7.39108e-01  -3.16065e+00  -3.00826e-02
 7.41173e-01  -3.16072e+00  -3.58333e-02
 7.43238e-01  -3.16081e+00  -4.69977e-02
 7.45303e-01  -3.16092e+00  -6.17578e-02
 7.47367e-01  -3.16106e+00  -7.76864e-02
 7.49432e-01  -3.16124e+00  -9.21320e-02
 7.51497e-01  -3.16144e+00  -1.02642e-01
 7.53561e-01  -3.16166e+00  -1.07366e-01
 7.55626e-01  -3.16188e+00  -1.05384e-01
 7.57691e-01  -3.16209e+00  -9.68925e-02
 7.59642e-01  -3.16226e+00  -8.40667e-02
 7.61675e-01  -3.16242e+00  -6.78121e-02
 7.63708e-01  -3.16254e+00  -5.12317e-02
 7.65741e-01  -3.16263e+00  -3.70731e-02
 7.67774e-01  -3.16269e+00  -2.77004e-02
 7.69925e-01  -3.16275e+00  -2.47300e-02
 7.72076e-01  -3.16281e+00  -2.94634e-02
 7.73928e-01  -3.16287e+00  -3.91237e-02
 7.75779e-01  -3.16295e+00  -5.26419e-02
 7.77631e-01  -3.16306e+00  -6.82286e-02
 7.79483e-01  -3.16321e+00  -8.38047e-02
 7.81334e-01  -3.16337e+00  -9.72678e-02
 7.83186e-01  -3.16356e+00  -1.06764e-01
 7.85037e-01  -3.16377e+00  -1.10937e-01
 7.86889e-01  -3.16397e+00  -1.09124e-01
 7.88865e-01  -3.16418e+00  -1.00767e-01
 7.90867e-01  -3.16437e+00  -8.67497e-02
 7.92909e-01  -3.16453e+00  -6.89413e-02
 7.94951e-01  -3.16465e+00  -5.05058e-02
 7.96993e-01  -3.16473e+00  -3.45207e-02
 7.99035e-01  -3.16479e+00  -2.36726e-02
 8.01435e-01  -3.16484e+00  -1.99030e-02
 8.03302e-01  -3.16488e+00  -2.42622e-02
 8.05169e-01  -3.16494e+00  -3.44443e-02
 8.07035e-01  -3.16501e+00  -4.90845e-02
 8.08902e-01  -3.16512e+00  -6.62106e-02
 8.10768e-01  -3.16526e+00  -8.35016e-02
 8.12635e-01  -3.16543e+00  -9.85896e-02
 8.14502e-01  -3.16563e+00  -1.09371e-01
 8.16368e-01  -3.16584e+00  -1.14290e-01
 8.18235e-01  -3.16605e+00  -1.12571e-01
 8.20178e-01  -3.16626e+00  -1.03879e-01
 8.22177e-01  -3.16645e+00  -8.88593e-02
 8.24205e-01  -3.16662e+00  -6.96772e-02
 8.25987e-01  -3.16672e+00  -5.20122e-02
 8.27768e-01  -3.16680e+00  -3.59305e-02
 8.29581e-01  -3.16686e+00  -2.33170e-02
 8.31631e-01  -3.16689e+00  -1.56700e-02
 8.33552e-01  -3.16692e+00  -1.59881e-02
 8.35472e-01  -3.16696e+00  -2.35366e-02
 8.37393e-01  -3.16702e+00  -3.72474e-02
 8.39313e-01  -3.16711e+00  -5.51668e-02
 8.41233e-01  -3.16723e+00  -7.47325e-02
 8.43154e-01  -3.16739e+00  -9.31281e-02
 8.45074e-01  -3.16759e+00  -1.07670e-01
 8.46994e-01  -3.16780e+00  -1.16187e-01
 8.48915e-01  -3.16803e+00  -1.17338e-01
 8.50835e-01  -3.16825e+00  -1.10837e-01
 8.52992e-01  -3.16847e+00  -9.54955e-02
 8.54821e-01  -3.16863e+00  -7.77585e-02
 8.56651e-01  -3.16875e+00  -5.81368e-02
 8.58480e-01  -3.16884e+00  -3.92531e-02
 8.60309e-01  -3.16890e+00  -2.36488e-02
 8.62214e-01  -3.16893e+00  -1.31471e-02
 8.64186e-01  -3.16896e+00  -1.00487e-02
 8.66181e-01  -3.16898e+00  -1.54549e-02
 8.67939e-01  -3.16902e+00  -2.67056e-02
 8.69696e-01  -3.16908e+00  -4.26511e-02
 8.71453e-01  -3.16917e+00  -6.13792e-02
 8.73211e-01  -3.16929e+00  -8.06374e-02
 8.74968e-01  -3.16945e+00  -9.80920e-02
 8.76725e-01  -3.16963e+00  -1.11599e-01
 8.78482e-01  -3.16984e+00  -1.19461e-01
 8.80240e-01  -3.17005e+00  -1.20635e-01
 8.82046e-01  -3.17026e+00  -1.14628e-01
 8.84113e-01  -3.17049e+00  -9.97071e-02
 8.85938e-01  -3.17065e+00  -8.12486e-02
 8.87762e-01  -3.17078e+00  -6.03384e-02
 8.89587e-01  -3.17087e+00  -3.97542e-02
 8.91412e-01  -3.17093e+00  -2.22494e-02
 8.93257e-01  -3.17096e+00  -1.00778e-02
 8.95310e-01  -3.17097e+00  -5.04876e-03
 8.97116e-01  -3.17098e+00  -8.71123e-03
 8.98922e-01  -3.17101e+00  -1.94966e-02
 9.00728e-01  -3.17106e+00  -3.60381e-02
 9.02534e-01  -3.17114e+00  -5.62395e-02
 9.04340e-01  -3.17126e+00  -7.75368e-02
 9.06146e-01  -3.17142e+00  -9.72108e-02
 9.07952e-01  -3.17161e+00  -1.12719e-01
 9.09757e-01  -3.17182e+00  -1.22015e-01
 9.11563e-01  -3.17205e+00  -1.23813e-01
 9.13369e-01  -3.17226e+00  -1.17778e-01
 9.15392e-01  -3.17249e+00  -1.02598e-01
 9.17204e-01  -3.17266e+00  -8.33159e-02
 9.19015e-01  -3.17279e+00  -6.12266e-02
 9.20827e-01  -3.17288e+00  -3.92209e-02
 9.22639e-01  -3.17293e+00  -2.01986e-02
 9.24451e-01  -3.17296e+00  -6.67136e-03
 9.26650e-01  -3.17296e+00  -1.30594e-04
 9.28432e-01  -3.17296e+00  -3.60155e-03
 9.30213e-01  -3.17298e+00  -1.45233e-02
 9.31995e-01  -3.17302e+00  -3.15447e-02
 9.33776e-01  -3.17309e+00  -5.25634e-02
 9.35557e-01  -3.17321e+00  -7.49816e-02
 9.37339e-01  -3.17336e+00  -9.60158e-02
 9.39120e-01  -3.17355e+00  -1.13027e-01
 9.40902e-01  -3.17376e+00  -1.23840e-01
 9.42683e-01  -3.17398e+00  -1.27018e-01
 9.44465e-01  -3.17421e+00  -1.22062e-01
 9.46398e-01  -3.17443e+00  -1.08110e-01
 9.48213e-01  -3.17461e+00  -8.86188e-02
 9.50028e-01  -3.17475e+00  -6.54896e-02
 9.51843e-01  -3.17485e+00  -4.17531e-02
 9.53658e-01  -3.17490e+00  -2.05441e-02
 9.55473e-01  -3.17493e+00  -4.66977e-03
 9.57502e-01  -3.17492e+00   4.21495e-03
 9.59304e-01  -3.17492e+00   3.11827e-03
 9.61106e-01  -3.17492e+00  -6.32749e-03
 9.62908e-01  -3.17494e+00  -2.29228e-02
 9.64710e-01  -3.17500e+00  -4.45666e-02
 9.66512e-01  -3.17511e+00  -6.85216e-02
 9.68314e-01  -3.17525e+00  -9.17500e-02
 9.70116e-01  -3.17543e+00  -1.11281e-01
 9.71918e-01  -3.17565e+00  -1.24577e-01
 9.73720e-01  -3.17588e+00  -1.29856e-01
 9.75522e-01  -3.17611e+00  -1.26337e-01
 9.77385e-01  -3.17634e+00  -1.13832e-01
 9.79196e-01  -3.17652e+00  -9.45604e-02
 9.81070e-01  -3.17668e+00  -6.98800e-02
 9.82945e-01  -3.17679e+00  -4.37906e-02
 9.84819e-01  -3.17684e+00  -1.99608e-02
 9.86694e-01  -3.17686e+00  -1.75079e-03
 9.88657e-01  -3.17686e+00   8.51816e-03
 9.90458e-01  -3.17684e+00   8.67841e-03
 9.92260e-01  -3.17683e+00  -8.18613e-05
 9.94062e-01  -3.17684e+00  -1.66461e-02
 9.95864e-01  -3.17689e+00  -3.89136e-02
 9.97666e-01  -3.17699e+00  -6.40669e-02
 9.99468e-01  -3.17712e+00  -8.89185e-02
 1.00127e+00  -3.17730e+00  -1.10297e-01
 1.00307e+00  -3.17752e+00  -1.25435e-01
 1.00487e+00  -3.17775e+00  -1.32321e-01
 1.00668e+00  -3.17799e+00  -1.29969e-01
 1.00848e+00  -3.17821e+00  -1.18570e-01
 1.01038e+00  -3.17842e+00  -9.82239e-02
 1.01229e+00  -3.17858e+00  -7.21860e-02
 1.01393e+00  -3.17868e+00  -4.79730e-02
 1.01558e+00  -3.17874e+00  -2.49316e-02
 1.01723e+00  -3.17877e+00  -5.57251e-03
 1.01900e+00  -3.17876e+00   8.76751e-03
 1.02093e+00  -3.17874e+00   1.46484e-02
 1.02286e+00  -3.17871e+00   9.61794e-03
 1.02451e+00  -3.17871e+00  -2.88133e-03
 1.02617e+00  -3.17873e+00  -2.15528e-02
 1.02782e+00  -3.17878e+00  -4.43959e-02
 1.02948e+00  -3.17888e+00  -6.89666e-02
 1.03113e+00  -3.17901e+00  -9.26300e-02
 1.03279e+00  -3.17918e+00  -1.12830e-01
 1.03444e+00  -3.17938e+00  -1.27354e-01
 1.03610e+00  -3.17960e+00  -1.34571e-01
 1.03775e+00  -3.17982e+00  -1.33619e-01
 1.03950e+00  -3.18005e+00  -1.23791e-01
 1.04161e+00  -3.18029e+00  -1.01483e-01
 1.04330e+00  -3.18044e+00  -7.77330e-02
 1.04500e+00  -3.18055e+00  -5.16711e-02
 1.04669e+00  -3.18061e+00  -2.62896e-02
 1.04838e+00  -3.18064e+00  -4.51378e-03
 1.05012e+00  -3.18063e+00   1.14518e-02
 1.05227e+00  -3.18060e+00   1.95217e-02
 1.05397e+00  -3.18056e+00   1.58278e-02
 1.05568e+00  -3.18055e+00   3.57814e-03
 1.05739e+00  -3.18056e+00  -1.58229e-02
 1.05909e+00  -3.18060e+00  -4.01650e-02
 1.06080e+00  -3.18069e+00  -6.66822e-02
 1.06250e+00  -3.18083e+00  -9.23562e-02
 1.06421e+00  -3.18101e+00  -1.14244e-01
 1.06592e+00  -3.18122e+00  -1.29805e-01
 1.06762e+00  -3.18145e+00  -1.37184e-01
 1.06933e+00  -3.18168e+00  -1.35443e-01
 1.07108e+00  -3.18191e+00  -1.24245e-01
 1.07327e+00  -3.18215e+00  -9.90434e-02
 1.07493e+00  -3.18230e+00  -7.41765e-02
 1.07659e+00  -3.18240e+00  -4.73458e-02
 1.07825e+00  -3.18246e+00  -2.15130e-02
 1.07990e+00  -3.18247e+00   4.62401e-04
 1.08164e+00  -3.18246e+00   1.66611e-02
 1.08383e+00  -3.18241e+00   2.44396e-02
 1.08551e+00  -3.18237e+00   1.99023e-02
 1.08719e+00  -3.18235e+00   6.75646e-03
 1.08887e+00  -3.18235e+00  -1.35346e-02
 1.09055e+00  -3.18240e+00  -3.87279e-02
 1.09223e+00  -3.18248e+00  -6.60467e-02
 1.09391e+00  -3.18262e+00  -9.24753e-02
 1.09559e+00  -3.18279e+00  -1.15078e-01
 1.09727e+00  -3.18300e+00  -1.31311e-01
 1.09895e+00  -3.18323e+00  -1.39304e-01
 1.10063e+00  -3.18346e+00  -1.38078e-01
 1.10236e+00  -3.18369e+00  -1.27242e-01
 1.10445e+00  -3.18394e+00  -1.02898e-01
 1.10611e+00  -3.18409e+00  -7.73935e-02
 1.10778e+00  -3.18419e+00  -4.94220e-02
 1.10944e+00  -3.18425e+00  -2.20807e-02
 1.11110e+00  -3.18427e+00   1.59347e-03
 1.11280e+00  -3.18425e+00   1.92564e-02
 1.11485e+00  -3.18420e+00   2.90193e-02
 1.11654e+00  -3.18415e+00   2.64739e-02
 1.11824e+00  -3.18411e+00   1.45683e-02
 1.11993e+00  -3.18410e+00  -5.34276e-03
 1.12163e+00  -3.18413e+00  -3.10143e-02
 1.12332e+00  -3.18421e+00  -5.95638e-02
 1.12502e+00  -3.18434e+00  -8.77853e-02
 1.12671e+00  -3.18451e+00  -1.12493e-01
 1.12841e+00  -3.18471e+00  -1.30866e-01
 1.13010e+00  -3.18495e+00  -1.40764e-01
 1.13180e+00  -3.18519e+00  -1.40975e-01
 1.13349e+00  -3.18542e+00  -1.31379e-01
 1.13546e+00  -3.18566e+00  -1.09276e-01
 1.13715e+00  -3.18582e+00  -8.34568e-02
 1.13883e+00  -3.18594e+00  -5.42745e-02
 1.14051e+00  -3.18600e+00  -2.50359e-02
 1.14220e+00  -3.18602e+00   9.32246e-04
 1.14388e+00  -3.18600e+00   2.06773e-02
 1.14580e+00  -3.18595e+00   3.27752e-02
 1.14751e+00  -3.18589e+00   3.28641e-02
 1.14923e+00  -3.18584e+00   2.27517e-02
 1.15095e+00  -3.18582e+00   3.62697e-03
 1.15267e+00  -3.18583e+00  -2.22895e-02
 1.15438e+00  -3.18590e+00  -5.20061e-02
 1.15610e+00  -3.18601e+00  -8.20962e-02
 1.15782e+00  -3.18618e+00  -1.09077e-01
 1.15954e+00  -3.18638e+00  -1.29795e-01
 1.16125e+00  -3.18662e+00  -1.41785e-01
 1.16297e+00  -3.18686e+00  -1.43561e-01
 1.16469e+00  -3.18711e+00  -1.34814e-01
 1.16659e+00  -3.18734e+00  -1.14038e-01
 1.16828e+00  -3.18752e+00  -8.79682e-02
 1.16998e+00  -3.18764e+00  -5.78255e-02
 1.17167e+00  -3.18771e+00  -2.70599e-02
 1.17336e+00  -3.18773e+00   7.90094e-04
 1.17506e+00  -3.18771e+00   2.25220e-02
 1.17690e+00  -3.18766e+00   3.63448e-02
 1.17863e+00  -3.18759e+00   3.83735e-02
 1.18036e+00  -3.18753e+00   2.95779e-02
 1.18209e+00  -3.18749e+00   1.10130e-02
 1.18382e+00  -3.18750e+00  -1.51314e-02
 1.18555e+00  -3.18755e+00  -4.57935e-02
 1.18728e+00  -3.18765e+00  -7.73902e-02
 1.18900e+00  -3.18781e+00  -1.06219e-01
 1.19073e+00  -3.18802e+00  -1.28872e-01
 1.19246e+00  -3.18825e+00  -1.42628e-01
 1.19419e+00  -3.18851e+00  -1.45776e-01
 1.19592e+00  -3.18875e+00  -1.37838e-01
 1.19777e+00  -3.18899e+00  -1.18060e-01
 1.19947e+00  -3.18917e+00  -9.17939e-02
 1.20117e+00  -3.18930e+00  -6.08257e-02
 1.20287e+00  -3.18938e+00  -2.87194e-02
 1.20456e+00  -3.18940e+00   8.10988e-04
 1.20626e+00  -3.18938e+00   2.43491e-02
 1.20805e+00  -3.18932e+00   3.97133e-02
 1.20979e+00  -3.18924e+00   4.35163e-02
 1.21152e+00  -3.18917e+00   3.60164e-02
 1.21325e+00  -3.18912e+00   1.81237e-02
 1.21498e+00  -3.18911e+00  -8.03803e-03
 1.21672e+00  -3.18916e+00  -3.93899e-02
 1.21845e+00  -3.18925e+00  -7.22539e-02
 1.22018e+00  -3.18940e+00  -1.02768e-01
 1.22191e+00  -3.18960e+00  -1.27319e-01
 1.22365e+00  -3.18984e+00  -1.42956e-01
 1.22538e+00  -3.19009e+00  -1.47744e-01
 1.22711e+00  -3.19035e+00  -1.41008e-01
 1.22891e+00  -3.19058e+00  -1.22589e-01
 1.23060e+00  -3.19077e+00  -9.65798e-02
 1.23233e+00  -3.19091e+00  -6.45634e-02
 1.23406e+00  -3.19099e+00  -3.07491e-02
 1.23578e+00  -3.19102e+00   8.23336e-04
 1.23751e+00  -3.19099e+00   2.63802e-02
 1.23927e+00  -3.19093e+00   4.30767e-02
 1.24098e+00  -3.19085e+00   4.83750e-02
 1.24274e+00  -3.19077e+00   4.18906e-02
 1.24450e+00  -3.19071e+00   2.41661e-02
 1.24626e+00  -3.19069e+00  -2.62551e-03
 1.24802e+00  -3.19072e+00  -3.52319e-02
 1.24978e+00  -3.19082e+00  -6.97103e-02
 1.25154e+00  -3.19097e+00  -1.01886e-01
 1.25330e+00  -3.19117e+00  -1.27838e-01
 1.25505e+00  -3.19141e+00  -1.44354e-01
 1.25681e+00  -3.19167e+00  -1.49332e-01
 1.25857e+00  -3.19193e+00  -1.42050e-01
 1.26037e+00  -3.19217e+00  -1.22733e-01
 1.26206e+00  -3.19235e+00  -9.58305e-02
 1.26377e+00  -3.19249e+00  -6.30350e-02
 1.26548e+00  -3.19257e+00  -2.84761e-02
 1.26719e+00  -3.19259e+00   3.79606e-03
 1.26890e+00  -3.19256e+00   2.99980e-02
 1.27064e+00  -3.19249e+00   4.72960e-02
 1.27235e+00  -3.19240e+00   5.30465e-02
 1.27411e+00  -3.19231e+00   4.67164e-02
 1.27586e+00  -3.19225e+00   2.88053e-02
 1.27741e+00  -3.19222e+00   5.13566e-03
 1.27896e+00  -3.19223e+00  -2.36159e-02
 1.28050e+00  -3.19229e+00  -5.47546e-02
 1.28205e+00  -3.19240e+00  -8.53633e-02
 1.28359e+00  -3.19256e+00  -1.12563e-01
 1.28514e+00  -3.19275e+00  -1.33774e-01
 1.28669e+00  -3.19296e+00  -1.46951e-01
 1.28823e+00  -3.19320e+00  -1.50782e-01
 1.28982e+00  -3.19343e+00  -1.44522e-01
 1.29157e+00  -3.19367e+00  -1.26417e-01
 1.29324e+00  -3.19386e+00  -1.00045e-01
 1.29497e+00  -3.19400e+00  -6.64142e-02
 1.29670e+00  -3.19409e+00  -3.03837e-02
 1.29843e+00  -3.19411e+00   3.72218e-03
 1.30016e+00  -3.19408e+00   3.18070e-02
 1.30189e+00  -3.19401e+00   5.05121e-02
 1.30364e+00  -3.19391e+00   5.76331e-02
 1.30541e+00  -3.19381e+00   5.19084e-02
 1.30696e+00  -3.19374e+00   3.68294e-02
 1.30851e+00  -3.19370e+00   1.38311e-02
 1.31006e+00  -3.19370e+00  -1.49151e-02
 1.31160e+00  -3.19375e+00  -4.67106e-02
 1.31315e+00  -3.19385e+00  -7.85747e-02
 1.31470e+00  -3.19399e+00  -1.07512e-01
 1.31624e+00  -3.19418e+00  -1.30782e-01
 1.31779e+00  -3.19439e+00  -1.46150e-01
 1.31934e+00  -3.19462e+00  -1.52101e-01
 1.32090e+00  -3.19486e+00  -1.47872e-01
 1.32259e+00  -3.19510e+00  -1.32158e-01
 1.32437e+00  -3.19531e+00  -1.04940e-01
 1.32617e+00  -3.19547e+00  -6.97100e-02
 1.32770e+00  -3.19555e+00  -3.70566e-02
 1.32923e+00  -3.19558e+00  -5.12898e-03
 1.33076e+00  -3.19557e+00   2.30731e-02
 1.33236e+00  -3.19551e+00   4.56874e-02
 1.33421e+00  -3.19541e+00   6.02591e-02
 1.33587e+00  -3.19531e+00   6.11443e-02
 1.33753e+00  -3.19521e+00   5.04275e-02
 1.33919e+00  -3.19515e+00   2.93028e-02
 1.34085e+00  -3.19512e+00   7.62512e-05
 1.34251e+00  -3.19515e+00  -3.40898e-02
 1.34417e+00  -3.19524e+00  -6.95116e-02
 1.34583e+00  -3.19538e+00  -1.02365e-01
 1.34749e+00  -3.19557e+00  -1.29081e-01
 1.34915e+00  -3.19580e+00  -1.46717e-01
 1.35081e+00  -3.19605e+00  -1.53283e-01
 1.35247e+00  -3.19630e+00  -1.47968e-01
 1.35418e+00  -3.19654e+00  -1.30552e-01
 1.35589e+00  -3.19675e+00  -1.02925e-01
 1.35765e+00  -3.19690e+00  -6.74110e-02
 1.35917e+00  -3.19697e+00  -3.40432e-02
 1.36069e+00  -3.19700e+00  -1.51942e-03
 1.36221e+00  -3.19698e+00   2.71369e-02
 1.36380e+00  -3.19692e+00   5.01020e-02
 1.36566e+00  -3.19681e+00   6.48319e-02
 1.36731e+00  -3.19670e+00   6.55425e-02
 1.36896e+00  -3.19660e+00   5.45136e-02
 1.37060e+00  -3.19653e+00   3.29595e-02
 1.37225e+00  -3.19649e+00   3.20411e-03
 1.37390e+00  -3.19652e+00  -3.15737e-02
 1.37555e+00  -3.19660e+00  -6.76724e-02
 1.37720e+00  -3.19674e+00  -1.01246e-01
 1.37885e+00  -3.19693e+00  -1.28696e-01
 1.38050e+00  -3.19716e+00  -1.47042e-01
 1.38215e+00  -3.19741e+00  -1.54244e-01
 1.38379e+00  -3.19766e+00  -1.49435e-01
 1.38549e+00  -3.19790e+00  -1.32443e-01
 1.38723e+00  -3.19811e+00  -1.04175e-01
 1.38900e+00  -3.19826e+00  -6.77165e-02
 1.39051e+00  -3.19834e+00  -3.37168e-02
 1.39203e+00  -3.19836e+00  -4.26482e-04
 1.39354e+00  -3.19834e+00   2.90881e-02
 1.39512e+00  -3.19828e+00   5.29051e-02
 1.39694e+00  -3.19816e+00   6.86047e-02
 1.39859e+00  -3.19805e+00   7.03365e-02
 1.40024e+00  -3.19794e+00   5.99538e-02
 1.40189e+00  -3.19785e+00   3.86097e-02
 1.40354e+00  -3.19781e+00   8.61793e-03
 1.40520e+00  -3.19783e+00  -2.68027e-02
 1.40685e+00  -3.19790e+00  -6.38673e-02
 1.40850e+00  -3.19804e+00  -9.86131e-02
 1.41015e+00  -3.19823e+00  -1.27305e-01
 1.41180e+00  -3.19845e+00  -1.46821e-01
 1.41346e+00  -3.19871e+00  -1.54990e-01
 1.41511e+00  -3.19896e+00  -1.50837e-01
 1.41678e+00  -3.19920e+00  -1.34403e-01
 1.41856e+00  -3.19941e+00  -1.05569e-01
 1.42033e+00  -3.19957e+00  -6.84760e-02
 1.42184e+00  -3.19965e+00  -3.38864e-02
 1.42335e+00  -3.19967e+00   1.74258e-04
 1.42485e+00  -3.19965e+00   3.05940e-02
 1.42642e+00  -3.19958e+00   5.53236e-02
 1.42820e+00  -3.19946e+00   7.20903e-02
 1.42985e+00  -3.19934e+00   7.50338e-02
 1.43151e+00  -3.19922e+00   6.54692e-02
 1.43317e+00  -3.19913e+00   4.44719e-02
 1.43483e+00  -3.19908e+00   1.43366e-02
 1.43648e+00  -3.19909e+00  -2.16797e-02
 1.43814e+00  -3.19915e+00  -5.97034e-02
 1.43980e+00  -3.19928e+00  -9.56453e-02
 1.44145e+00  -3.19947e+00  -1.25621e-01
 1.44311e+00  -3.19969e+00  -1.46353e-01
 1.44477e+00  -3.19995e+00  -1.55529e-01
 1.44642e+00  -3.20020e+00  -1.52058e-01
 1.44808e+00  -3.20044e+00  -1.36221e-01
 1.44989e+00  -3.20066e+00  -1.06861e-01
 1.45146e+00  -3.20081e+00  -7.37470e-02
 1.45304e+00  -3.20089e+00  -3.70652e-02
 1.45461e+00  -3.20092e+00  -4.66027e-04
 1.45619e+00  -3.20090e+00   3.24012e-02
 1.45776e+00  -3.20083e+00   5.82674e-02
 1.45953e+00  -3.20071e+00   7.57824e-02
 1.46118e+00  -3.20058e+00   7.94702e-02
 1.46284e+00  -3.20045e+00   7.03671e-02
 1.46450e+00  -3.20035e+00   4.95013e-02
 1.46615e+00  -3.20029e+00   1.91562e-02
 1.46781e+00  -3.20029e+00  -1.73864e-02
 1.46947e+00  -3.20035e+00  -5.61961e-02
 1.47112e+00  -3.20047e+00  -9.31004e-02
 1.47278e+00  -3.20065e+00  -1.24114e-01
 1.47444e+00  -3.20088e+00  -1.45851e-01
 1.47609e+00  -3.20113e+00  -1.55891e-01
 1.47775e+00  -3.20139e+00  -1.53052e-01
 1.47941e+00  -3.20163e+00  -1.37546e-01
 1.48144e+00  -3.20188e+00  -1.03741e-01
 1.48299e+00  -3.20201e+00  -7.00847e-02
 1.48454e+00  -3.20209e+00  -3.31489e-02
 1.48609e+00  -3.20212e+00   3.50434e-03
 1.48764e+00  -3.20209e+00   3.63349e-02
 1.48919e+00  -3.20201e+00   6.21808e-02
 1.49095e+00  -3.20188e+00   7.99389e-02
 1.49260e+00  -3.20174e+00   8.36687e-02
 1.49425e+00  -3.20161e+00   7.44575e-02
 1.49590e+00  -3.20151e+00   5.33395e-02
 1.49755e+00  -3.20144e+00   2.26092e-02
 1.49920e+00  -3.20143e+00  -1.44348e-02
 1.50085e+00  -3.20149e+00  -5.38389e-02
 1.50250e+00  -3.20161e+00  -9.14004e-02
 1.50415e+00  -3.20179e+00  -1.23096e-01
 1.50580e+00  -3.20201e+00  -1.45496e-01
 1.50745e+00  -3.20226e+00  -1.56129e-01
 1.50910e+00  -3.20252e+00  -1.53760e-01
 1.51075e+00  -3.20276e+00  -1.38548e-01
 1.51273e+00  -3.20301e+00  -1.05529e-01
 1.51429e+00  -3.20315e+00  -7.15465e-02
 1.51584e+00  -3.20323e+00  -3.39482e-02
 1.51740e+00  -3.20325e+00   3.62372e-03
 1.51895e+00  -3.20322e+00   3.75229e-02
 1.52051e+00  -3.20314e+00   6.44683e-02
 1.52224e+00  -3.20301e+00   8.31515e-02
 1.52389e+00  -3.20287e+00   8.79588e-02
 1.52554e+00  -3.20273e+00   7.95214e-02
 1.52720e+00  -3.20261e+00   5.87968e-02
 1.52885e+00  -3.20254e+00   2.80486e-02
 1.53050e+00  -3.20252e+00  -9.40901e-03
 1.53215e+00  -3.20257e+00  -4.95637e-02
 1.53381e+00  -3.20268e+00  -8.81193e-02
 1.53546e+00  -3.20286e+00  -1.20935e-01
 1.53711e+00  -3.20308e+00  -1.44453e-01
 1.53876e+00  -3.20333e+00  -1.56075e-01
 1.54042e+00  -3.20359e+00  -1.54458e-01
 1.54207e+00  -3.20383e+00  -1.39678e-01
 1.54401e+00  -3.20407e+00  -1.07720e-01
 1.54557e+00  -3.20422e+00  -7.34872e-02
 1.54713e+00  -3.20430e+00  -3.52322e-02
 1.54869e+00  -3.20433e+00   3.30656e-03
 1.55025e+00  -3.20429e+00   3.83559e-02
 1.55182e+00  -3.20421e+00   6.64923e-02
 1.55352e+00  -3.20408e+00   8.61315e-02
 1.55517e+00  -3.20393e+00   9.20967e-02
 1.55683e+00  -3.20378e+00   8.45759e-02
 1.55848e+00  -3.20366e+00   6.44311e-02
 1.56013e+00  -3.20357e+00   3.38670e-02
 1.56178e+00  -3.20355e+00  -3.81837e-03
 1.56344e+00  -3.20359e+00  -4.45868e-02
 1.56509e+00  -3.20369e+00  -8.40772e-02
 1.56674e+00  -3.20386e+00  -1.18051e-01
 1.56840e+00  -3.20408e+00  -1.42830e-01
 1.57005e+00  -3.20433e+00  -1.55685e-01
 1.57080e+00  -3.20445e+00  -1.57135e-01
