 1.00000e-06   3.11018e+00  -3.12537e-08
 6.00000e-06   3.11018e+00  -1.82811e-07
 3.10000e-05   3.11018e+00  -8.22805e-07
 1.56000e-04   3.11018e+00  -1.07809e-06
 7.81000e-04   3.11018e+00   7.12162e-05
 3.88740e-03   3.11018e+00   2.22145e-03
 8.31419e-03   3.11020e+00   9.98066e-03
 1.24259e-02   3.11027e+00   2.08721e-02
 1.65376e-02   3.11038e+00   3.34140e-02
 2.06493e-02   3.11054e+00   4.54717e-02
 2.47610e-02   3.11075e+00   5.50121e-02
 2.91869e-02   3.11101e+00   6.06735e-02
 3.33531e-02   3.11126e+00   6.07342e-02
 3.75193e-02   3.11151e+00   5.57237e-02
 4.16855e-02   3.11172e+00   4.65486e-02
 4.58517e-02   3.11189e+00   3.47952e-02
 5.00179e-02   3.11201e+00   2.24548e-02
 5.41841e-02   3.11208e+00   1.15954e-02
 5.83503e-02   3.11211e+00   4.02765e-03
 6.25165e-02   3.11212e+00   1.00891e-03
 6.66827e-02   3.11213e+00   3.02927e-03
 7.12671e-02   3.11216e+00   1.06080e-02
 7.54168e-02   3.11222e+00   2.09998e-02
 7.95664e-02   3.11233e+00   3.28900e-02
 8.37160e-02   3.11249e+00   4.42182e-02
 8.78657e-02   3.11270e+00   5.30412e-02
 9.24069e-02   3.11295e+00   5.80910e-02
 9.65951e-02   3.11319e+00   5.76750e-02
 1.00783e-01   3.11343e+00   5.25079e-02
 1.04972e-01   3.11363e+00   4.35287e-02
 1.09160e-01   3.11379e+00   3.23027e-02
 1.13348e-01   3.11390e+00   2.07491e-02
 1.17536e-01   3.11396e+00   1.08224e-02
 1.21725e-01   3.11399e+00   4.19365e-03
 1.25913e-01   3.11401e+00   1.97371e-03
 1.30101e-01   3.11402e+00   4.52055e-03
 1.34895e-01   3.11406e+00   1.26487e-02
 1.39044e-01   3.11413e+00   2.27824e-02
 1.43193e-01   3.11425e+00   3.39545e-02
 1.47342e-01   3.11441e+00   4.42322e-02
 1.51491e-01   3.11461e+00   5.18586e-02
 1.56327e-01   3.11487e+00   5.57425e-02
 1.60494e-01   3.11510e+00   5.41749e-02
 1.64661e-01   3.11532e+00   4.83666e-02
 1.68827e-01   3.11550e+00   3.93486e-02
 1.72994e-01   3.11564e+00   2.86686e-02
 1.77161e-01   3.11574e+00   1.81285e-02
 1.81328e-01   3.11580e+00   9.49042e-03
 1.85495e-01   3.11582e+00   4.19172e-03
 1.89661e-01   3.11584e+00   3.10790e-03
 1.93964e-01   3.11586e+00   6.57612e-03
 1.99249e-01   3.11592e+00   1.61762e-02
 2.03356e-01   3.11600e+00   2.60884e-02
 2.07463e-01   3.11613e+00   3.63190e-02
 2.11571e-01   3.11630e+00   4.51392e-02
 2.15869e-01   3.11651e+00   5.12691e-02
 2.20404e-01   3.11675e+00   5.31419e-02
 2.24939e-01   3.11698e+00   5.00037e-02
 2.29475e-01   3.11719e+00   4.25524e-02
 2.34010e-01   3.11736e+00   3.23243e-02
 2.38545e-01   3.11748e+00   2.13735e-02
 2.43080e-01   3.11756e+00   1.18697e-02
 2.47616e-01   3.11760e+00   5.68273e-03
 2.52151e-01   3.11762e+00   4.02164e-03
 2.56686e-01   3.11764e+00   7.19025e-03
 2.61978e-01   3.11770e+00   1.60432e-02
 2.66149e-01   3.11779e+00   2.53856e-02
 2.70319e-01   3.11791e+00   3.50475e-02
 2.74490e-01   3.11808e+00   4.33462e-02
 2.78860e-01   3.11828e+00   4.90350e-02
 2.83408e-01   3.11851e+00   5.06093e-02
 2.87957e-01   3.11873e+00   4.75079e-02
 2.92505e-01   3.11893e+00   4.04224e-02
 2.97054e-01   3.11910e+00   3.08213e-02
 3.01602e-01   3.11921e+00   2.06431e-02
 3.06150e-01   3.11929e+00   1.19147e-02
 3.10699e-01   3.11933e+00   6.36159e-03
 3.15247e-01   3.11935e+00   5.07240e-03
 3.19795e-01   3.11938e+00   8.27722e-03
 3.24604e-01   3.11944e+00   1.57793e-02
 3.29413e-01   3.11954e+00   2.57746e-02
 3.33657e-01   3.11967e+00   3.48176e-02
 3.37902e-01   3.11983e+00   4.23667e-02
 3.42420e-01   3.12003e+00   4.72729e-02
 3.46888e-01   3.12025e+00   4.80551e-02
 3.51415e-01   3.12046e+00   4.46252e-02
 3.55943e-01   3.12065e+00   3.76910e-02
 3.60470e-01   3.12080e+00   2.86714e-02
 3.64997e-01   3.12091e+00   1.93674e-02
 3.69524e-01   3.12098e+00   1.16123e-02
 3.74051e-01   3.12102e+00   6.92282e-03
 3.78579e-01   3.12104e+00   6.20582e-03
 3.83106e-01   3.12108e+00   9.57441e-03
 3.87825e-01   3.12114e+00   1.66558e-02
 3.92593e-01   3.12124e+00   2.58986e-02
 3.97361e-01   3.12139e+00   3.51346e-02
 4.02129e-01   3.12157e+00   4.22793e-02
 4.07025e-01   3.12179e+00   4.57925e-02
 4.11472e-01   3.12199e+00   4.49781e-02
 4.15918e-01   3.12218e+00   4.05555e-02
 4.20365e-01   3.12235e+00   3.34258e-02
 4.24811e-01   3.12248e+00   2.49837e-02
 4.29257e-01   3.12257e+00   1.68475e-02
 4.33704e-01   3.12263e+00   1.05596e-02
 4.38150e-01   3.12267e+00   7.30249e-03
 4.42597e-01   3.12270e+00   7.67659e-03
 4.47375e-01   3.12275e+00   1.19948e-02
 4.51900e-01   3.12282e+00   1.89242e-02
 4.56489e-01   3.12292e+00   2.72797e-02
 4.61077e-01   3.12307e+00   3.52124e-02
 4.65666e-01   3.12324e+00   4.10686e-02
 4.70853e-01   3.12346e+00   4.37246e-02
 4.75308e-01   3.12366e+00   4.21884e-02
 4.79764e-01   3.12384e+00   3.74676e-02
 4.84220e-01   3.12399e+00   3.05179e-02
 4.88675e-01   3.12411e+00   2.26979e-02
 4.93131e-01   3.12419e+00   1.55081e-02
 4.97587e-01   3.12425e+00   1.03135e-02
 5.02042e-01   3.12429e+00   8.09051e-03
 5.06565e-01   3.12433e+00   9.28413e-03
 5.11659e-01   3.12438e+00   1.44228e-02
 5.16201e-01   3.12446e+00   2.13294e-02
 5.20744e-01   3.12458e+00   2.89402e-02
 5.25286e-01   3.12473e+00   3.56832e-02
 5.29888e-01   3.12490e+00   4.02305e-02
 5.34793e-01   3.12510e+00   4.15399e-02
 5.39698e-01   3.12530e+00   3.89790e-02
 5.44603e-01   3.12548e+00   3.32161e-02
 5.49508e-01   3.12563e+00   2.56384e-02
 5.54413e-01   3.12573e+00   1.80174e-02
 5.59318e-01   3.12581e+00   1.21064e-02
 5.64223e-01   3.12586e+00   9.24936e-03
 5.69128e-01   3.12590e+00   1.00766e-02
 5.74285e-01   3.12596e+00   1.46481e-02
 5.78920e-01   3.12605e+00   2.09949e-02
 5.83556e-01   3.12616e+00   2.80398e-02
 5.88191e-01   3.12631e+00   3.42685e-02
 5.92890e-01   3.12648e+00   3.84047e-02
 5.97830e-01   3.12667e+00   3.94626e-02
 6.02769e-01   3.12686e+00   3.69777e-02
 6.07709e-01   3.12703e+00   3.16066e-02
 6.12649e-01   3.12717e+00   2.46602e-02
 6.17588e-01   3.12728e+00   1.77840e-02
 6.22528e-01   3.12735e+00   1.25795e-02
 6.27467e-01   3.12740e+00   1.02422e-02
 6.32407e-01   3.12746e+00   1.12870e-02
 6.37777e-01   3.12753e+00   1.58994e-02
 6.42466e-01   3.12762e+00   2.18580e-02
 6.47155e-01   3.12773e+00   2.82408e-02
 6.51844e-01   3.12788e+00   3.36480e-02
 6.56748e-01   3.12805e+00   3.70071e-02
 6.61580e-01   3.12823e+00   3.73126e-02
 6.66463e-01   3.12841e+00   3.45847e-02
 6.71345e-01   3.12857e+00   2.94957e-02
 6.76228e-01   3.12870e+00   2.32548e-02
 6.81110e-01   3.12880e+00   1.73030e-02
 6.85993e-01   3.12887e+00   1.29912e-02
 6.90876e-01   3.12893e+00   1.12818e-02
 6.95758e-01   3.12898e+00   1.25323e-02
 7.01409e-01   3.12907e+00   1.72029e-02
 7.06159e-01   3.12916e+00   2.27401e-02
 7.10908e-01   3.12928e+00   2.84216e-02
 7.15658e-01   3.12943e+00   3.29752e-02
 7.20856e-01   3.12961e+00   3.55084e-02
 7.25744e-01   3.12978e+00   3.50316e-02
 7.30632e-01   3.12995e+00   3.19517e-02
 7.35521e-01   3.13009e+00   2.70358e-02
 7.40409e-01   3.13021e+00   2.14461e-02
 7.45298e-01   3.13030e+00   1.64693e-02
 7.50186e-01   3.13037e+00   1.32307e-02
 7.55074e-01   3.13044e+00   1.24449e-02
 7.60166e-01   3.13050e+00   1.43806e-02
 7.65368e-01   3.13059e+00   1.86970e-02
 7.70636e-01   3.13070e+00   2.42600e-02
 7.75904e-01   3.13084e+00   2.94825e-02
 7.81172e-01   3.13101e+00   3.29483e-02
 7.86473e-01   3.13119e+00   3.37597e-02
 7.91774e-01   3.13136e+00   3.17414e-02
 7.97075e-01   3.13152e+00   2.75156e-02
 8.02376e-01   3.13165e+00   2.22711e-02
 8.07676e-01   3.13176e+00   1.74308e-02
 8.12977e-01   3.13184e+00   1.42774e-02
 8.18278e-01   3.13191e+00   1.36217e-02
 8.23579e-01   3.13199e+00   1.55896e-02
 8.28714e-01   3.13208e+00   1.94414e-02
 8.33996e-01   3.13219e+00   2.42960e-02
 8.39277e-01   3.13233e+00   2.87130e-02
 8.44559e-01   3.13249e+00   3.14957e-02
 8.49835e-01   3.13266e+00   3.19368e-02
 8.55111e-01   3.13283e+00   2.99940e-02
 8.60387e-01   3.13297e+00   2.62586e-02
 8.65663e-01   3.13310e+00   2.17723e-02
 8.70939e-01   3.13321e+00   1.77389e-02
 8.76215e-01   3.13329e+00   1.52118e-02
 8.81491e-01   3.13337e+00   1.48251e-02
 8.87027e-01   3.13346e+00   1.67681e-02
 8.92266e-01   3.13355e+00   2.02503e-02
 8.97607e-01   3.13367e+00   2.44169e-02
 9.02949e-01   3.13381e+00   2.80285e-02
 9.08397e-01   3.13397e+00   3.01169e-02
 9.13731e-01   3.13413e+00   3.00795e-02
 9.19066e-01   3.13429e+00   2.80642e-02
 9.24400e-01   3.13443e+00   2.46886e-02
 9.29735e-01   3.13455e+00   2.09097e-02
 9.35069e-01   3.13465e+00   1.77564e-02
 9.40403e-01   3.13474e+00   1.60587e-02
 9.45821e-01   3.13483e+00   1.62506e-02
 9.51875e-01   3.13493e+00   1.85876e-02
 9.57273e-01   3.13504e+00   2.18455e-02
 9.62670e-01   3.13517e+00   2.52148e-02
 9.68067e-01   3.13531e+00   2.77326e-02
 9.74344e-01   3.13549e+00   2.87143e-02
 9.79717e-01   3.13565e+00   2.76987e-02
 9.85091e-01   3.13579e+00   2.53239e-02
 9.90464e-01   3.13592e+00   2.22971e-02
 9.95838e-01   3.13603e+00   1.94686e-02
 1.00136e+00   3.13613e+00   1.75675e-02
 1.00698e+00   3.13623e+00   1.71925e-02
 1.01303e+00   3.13633e+00   1.85886e-02
 1.01873e+00   3.13645e+00   2.11057e-02
 1.02443e+00   3.13658e+00   2.39312e-02
 1.03013e+00   3.13672e+00   2.61598e-02
 1.03646e+00   3.13689e+00   2.71380e-02
 1.04211e+00   3.13704e+00   2.64624e-02
 1.04776e+00   3.13718e+00   2.46128e-02
 1.05341e+00   3.13732e+00   2.22109e-02
 1.05912e+00   3.13744e+00   1.99828e-02
 1.06500e+00   3.13755e+00   1.85995e-02
 1.07104e+00   3.13766e+00   1.85423e-02
 1.07782e+00   3.13779e+00   2.00247e-02
 1.08381e+00   3.13792e+00   2.21073e-02
 1.08980e+00   3.13806e+00   2.41234e-02
 1.09592e+00   3.13821e+00   2.54005e-02
 1.10202e+00   3.13836e+00   2.55009e-02
 1.10812e+00   3.13852e+00   2.44948e-02
 1.11422e+00   3.13866e+00   2.28252e-02
 1.12031e+00   3.13880e+00   2.11223e-02
 1.12664e+00   3.13892e+00   1.99432e-02
 1.13325e+00   3.13906e+00   1.97483e-02
 1.14073e+00   3.13921e+00   2.07435e-02
 1.14729e+00   3.13935e+00   2.21662e-02
 1.15385e+00   3.13950e+00   2.34482e-02
 1.16089e+00   3.13966e+00   2.41079e-02
 1.16741e+00   3.13982e+00   2.38941e-02
 1.17392e+00   3.13997e+00   2.30883e-02
 1.18044e+00   3.14012e+00   2.20946e-02
 1.18739e+00   3.14027e+00   2.12873e-02
 1.19508e+00   3.14043e+00   2.10342e-02
 1.20311e+00   3.14060e+00   2.14412e-02
 1.21114e+00   3.14078e+00   2.21156e-02
 1.21917e+00   3.14096e+00   2.25925e-02
 1.22660e+00   3.14113e+00   2.26883e-02
 1.23404e+00   3.14130e+00   2.25573e-02
 1.24147e+00   3.14146e+00   2.24112e-02
 1.25015e+00   3.14166e+00   2.23815e-02
 1.25825e+00   3.14184e+00   2.24029e-02
 1.26636e+00   3.14202e+00   2.22547e-02
 1.27474e+00   3.14221e+00   2.18405e-02
 1.28237e+00   3.14237e+00   2.14292e-02
 1.29000e+00   3.14253e+00   2.13246e-02
 1.29834e+00   3.14271e+00   2.18204e-02
 1.30613e+00   3.14289e+00   2.27366e-02
 1.31392e+00   3.14307e+00   2.35931e-02
 1.32172e+00   3.14325e+00   2.37916e-02
 1.32951e+00   3.14343e+00   2.30308e-02
 1.33623e+00   3.14359e+00   2.18099e-02
 1.34305e+00   3.14373e+00   2.05804e-02
 1.34987e+00   3.14387e+00   1.99686e-02
 1.35783e+00   3.14403e+00   2.05286e-02
 1.36458e+00   3.14417e+00   2.19739e-02
 1.37134e+00   3.14433e+00   2.37338e-02
 1.37809e+00   3.14449e+00   2.50314e-02
 1.38485e+00   3.14466e+00   2.52094e-02
 1.39160e+00   3.14483e+00   2.40591e-02
 1.39766e+00   3.14497e+00   2.22144e-02
 1.40388e+00   3.14510e+00   2.02115e-02
 1.41009e+00   3.14522e+00   1.88762e-02
 1.41689e+00   3.14535e+00   1.88502e-02
 1.42308e+00   3.14547e+00   2.02393e-02
 1.42926e+00   3.14560e+00   2.25398e-02
 1.43545e+00   3.14575e+00   2.49432e-02
 1.44164e+00   3.14591e+00   2.65435e-02
 1.44783e+00   3.14607e+00   2.66708e-02
 1.45402e+00   3.14624e+00   2.51725e-02
 1.45971e+00   3.14637e+00   2.27603e-02
 1.46556e+00   3.14650e+00   2.00423e-02
 1.47141e+00   3.14661e+00   1.80090e-02
 1.47755e+00   3.14672e+00   1.74136e-02
 1.48341e+00   3.14682e+00   1.85912e-02
 1.48926e+00   3.14694e+00   2.11544e-02
 1.49512e+00   3.14707e+00   2.43070e-02
 1.50097e+00   3.14722e+00   2.70183e-02
 1.50683e+00   3.14738e+00   2.83499e-02
 1.51268e+00   3.14755e+00   2.77765e-02
 1.51871e+00   3.14771e+00   2.53082e-02
 1.52413e+00   3.14784e+00   2.21120e-02
 1.52956e+00   3.14795e+00   1.89384e-02
 1.53498e+00   3.14804e+00   1.67348e-02
 1.54114e+00   3.14814e+00   1.62596e-02
 1.54665e+00   3.14824e+00   1.78635e-02
 1.55216e+00   3.14834e+00   2.09714e-02
 1.55767e+00   3.14847e+00   2.47141e-02
 1.56317e+00   3.14862e+00   2.80055e-02
 1.56868e+00   3.14878e+00   2.98482e-02
 1.57419e+00   3.14894e+00   2.96309e-02
 1.57978e+00   3.14910e+00   2.72933e-02
 1.58504e+00   3.14924e+00   2.37157e-02
 1.59037e+00   3.14935e+00   1.97315e-02
 1.59569e+00   3.14945e+00   1.65090e-02
 1.60119e+00   3.14953e+00   1.49770e-02
 1.60661e+00   3.14961e+00   1.57406e-02
 1.61204e+00   3.14971e+00   1.86090e-02
 1.61747e+00   3.14982e+00   2.28145e-02
 1.62289e+00   3.14996e+00   2.71906e-02
 1.62832e+00   3.15011e+00   3.04861e-02
 1.63374e+00   3.15028e+00   3.17131e-02
 1.63917e+00   3.15045e+00   3.04438e-02
 1.64508e+00   3.15062e+00   2.65824e-02
 1.65009e+00   3.15074e+00   2.21843e-02
 1.65511e+00   3.15084e+00   1.79048e-02
 1.66012e+00   3.15093e+00   1.48331e-02
 1.66583e+00   3.15101e+00   1.38058e-02
 1.67097e+00   3.15108e+00   1.54385e-02
 1.67611e+00   3.15117e+00   1.91279e-02
 1.68125e+00   3.15128e+00   2.39687e-02
 1.68639e+00   3.15141e+00   2.87440e-02
 1.69153e+00   3.15157e+00   3.22216e-02
 1.69667e+00   3.15174e+00   3.34640e-02
 1.70182e+00   3.15191e+00   3.20827e-02
 1.70753e+00   3.15208e+00   2.78490e-02
 1.71242e+00   3.15221e+00   2.29118e-02
 1.71731e+00   3.15231e+00   1.79853e-02
 1.72220e+00   3.15239e+00   1.42583e-02
 1.72758e+00   3.15246e+00   1.26240e-02
 1.73263e+00   3.15252e+00   1.38836e-02
 1.73768e+00   3.15260e+00   1.75866e-02
 1.74273e+00   3.15270e+00   2.28565e-02
 1.74778e+00   3.15283e+00   2.84178e-02
 1.75283e+00   3.15299e+00   3.28970e-02
 1.75788e+00   3.15316e+00   3.51508e-02
 1.76293e+00   3.15334e+00   3.45564e-02
 1.76814e+00   3.15351e+00   3.10555e-02
 1.77301e+00   3.15365e+00   2.58913e-02
 1.77787e+00   3.15376e+00   2.01166e-02
 1.78274e+00   3.15385e+00   1.51002e-02
 1.78761e+00   3.15391e+00   1.20493e-02
 1.79283e+00   3.15397e+00   1.18040e-02
 1.79805e+00   3.15404e+00   1.47884e-02
 1.80327e+00   3.15413e+00   2.02608e-02
 1.80849e+00   3.15425e+00   2.68174e-02
 1.81371e+00   3.15441e+00   3.27476e-02
 1.81893e+00   3.15459e+00   3.64659e-02
 1.82414e+00   3.15478e+00   3.69277e-02
 1.82936e+00   3.15497e+00   3.39310e-02
 1.83431e+00   3.15513e+00   2.85534e-02
 1.83933e+00   3.15525e+00   2.18973e-02
 1.84436e+00   3.15535e+00   1.56950e-02
 1.84938e+00   3.15541e+00   1.15246e-02
 1.85508e+00   3.15548e+00   1.05871e-02
 1.85978e+00   3.15553e+00   1.31110e-02
 1.86448e+00   3.15560e+00   1.81055e-02
 1.86918e+00   3.15570e+00   2.45291e-02
 1.87388e+00   3.15583e+00   3.10244e-02
 1.87858e+00   3.15599e+00   3.61961e-02
 1.88328e+00   3.15617e+00   3.89019e-02
 1.88799e+00   3.15635e+00   3.85037e-02
 1.89288e+00   3.15653e+00   3.48268e-02
 1.89755e+00   3.15668e+00   2.89458e-02
 1.90235e+00   3.15681e+00   2.18312e-02
 1.90716e+00   3.15689e+00   1.52486e-02
 1.91196e+00   3.15696e+00   1.07298e-02
 1.91747e+00   3.15701e+00   9.43302e-03
 1.92209e+00   3.15706e+00   1.18711e-02
 1.92671e+00   3.15712e+00   1.70505e-02
 1.93134e+00   3.15722e+00   2.39258e-02
 1.93596e+00   3.15734e+00   3.10936e-02
 1.94058e+00   3.15750e+00   3.70700e-02
 1.94520e+00   3.15768e+00   4.05887e-02
 1.94982e+00   3.15787e+00   4.08658e-02
 1.95451e+00   3.15806e+00   3.77123e-02
 1.95940e+00   3.15823e+00   3.14309e-02
 1.96429e+00   3.15836e+00   2.35346e-02
 1.96918e+00   3.15846e+00   1.58983e-02
 1.97407e+00   3.15852e+00   1.03590e-02
 1.97925e+00   3.15857e+00   8.26343e-03
 1.98384e+00   3.15861e+00   1.01349e-02
 1.98843e+00   3.15867e+00   1.51695e-02
 1.99302e+00   3.15875e+00   2.23648e-02
 1.99761e+00   3.15887e+00   3.02727e-02
 2.00220e+00   3.15903e+00   3.72837e-02
 2.00680e+00   3.15921e+00   4.19431e-02
 2.01139e+00   3.15941e+00   4.32478e-02
 2.01598e+00   3.15960e+00   4.08675e-02
 2.02123e+00   3.15980e+00   3.42285e-02
 2.02565e+00   3.15994e+00   2.66308e-02
 2.03006e+00   3.16004e+00   1.87448e-02
 2.03448e+00   3.16010e+00   1.21189e-02
 2.03908e+00   3.16015e+00   7.97093e-03
 2.04381e+00   3.16018e+00   7.54388e-03
 2.04859e+00   3.16023e+00   1.12029e-02
 2.05338e+00   3.16030e+00   1.81937e-02
 2.05816e+00   3.16040e+00   2.69970e-02
 2.06295e+00   3.16055e+00   3.56822e-02
 2.06773e+00   3.16074e+00   4.23177e-02
 2.07251e+00   3.16095e+00   4.53879e-02
 2.07730e+00   3.16117e+00   4.41406e-02
 2.08208e+00   3.16137e+00   3.87858e-02
 2.08654e+00   3.16153e+00   3.11078e-02
 2.09100e+00   3.16164e+00   2.23650e-02
 2.09545e+00   3.16173e+00   1.42961e-02
 2.09991e+00   3.16178e+00   8.52004e-03
 2.10501e+00   3.16181e+00   6.19417e-03
 2.10944e+00   3.16184e+00   8.35696e-03
 2.11386e+00   3.16189e+00   1.40318e-02
 2.11829e+00   3.16197e+00   2.21627e-02
 2.12272e+00   3.16209e+00   3.12248e-02
 2.12714e+00   3.16225e+00   3.95038e-02
 2.13157e+00   3.16243e+00   4.54087e-02
 2.13600e+00   3.16264e+00   4.77712e-02
 2.14043e+00   3.16285e+00   4.60800e-02
 2.14521e+00   3.16306e+00   4.00332e-02
 2.14958e+00   3.16322e+00   3.17391e-02
 2.15396e+00   3.16333e+00   2.24174e-02
 2.15834e+00   3.16341e+00   1.38587e-02
 2.16272e+00   3.16346e+00   7.72034e-03
 2.16775e+00   3.16349e+00   5.17350e-03
 2.17211e+00   3.16352e+00   7.36702e-03
 2.17647e+00   3.16356e+00   1.32806e-02
 2.18084e+00   3.16364e+00   2.18439e-02
 2.18520e+00   3.16375e+00   3.14963e-02
 2.18956e+00   3.16391e+00   4.04654e-02
 2.19392e+00   3.16410e+00   4.70807e-02
 2.19829e+00   3.16431e+00   5.00775e-02
 2.20265e+00   3.16453e+00   4.88411e-02
 2.20725e+00   3.16475e+00   4.31504e-02
 2.21159e+00   3.16492e+00   3.46619e-02
 2.21599e+00   3.16505e+00   2.46160e-02
 2.22039e+00   3.16513e+00   1.50458e-02
 2.22479e+00   3.16518e+00   7.81727e-03
 2.22953e+00   3.16521e+00   4.26014e-03
 2.23389e+00   3.16523e+00   5.56880e-03
 2.23826e+00   3.16526e+00   1.10670e-02
 2.24263e+00   3.16533e+00   1.97594e-02
 2.24699e+00   3.16544e+00   3.00604e-02
 2.25136e+00   3.16559e+00   4.00796e-02
 2.25572e+00   3.16578e+00   4.79566e-02
 2.26009e+00   3.16601e+00   5.21965e-02
 2.26446e+00   3.16623e+00   5.19537e-02
 2.26882e+00   3.16645e+00   4.72115e-02
 2.27329e+00   3.16664e+00   3.85790e-02
 2.27784e+00   3.16680e+00   2.76200e-02
 2.28238e+00   3.16690e+00   1.66999e-02
 2.28692e+00   3.16695e+00   8.08549e-03
 2.29147e+00   3.16698e+00   3.57402e-03
 2.29583e+00   3.16699e+00   3.99816e-03
 2.30019e+00   3.16702e+00   9.04105e-03
 2.30456e+00   3.16707e+00   1.77920e-02
 2.30892e+00   3.16718e+00   2.86565e-02
 2.31329e+00   3.16733e+00   3.96449e-02
 2.31765e+00   3.16752e+00   4.87252e-02
 2.32201e+00   3.16775e+00   5.41866e-02
 2.32638e+00   3.16799e+00   5.49594e-02
 2.33074e+00   3.16822e+00   5.08343e-02
 2.33595e+00   3.16846e+00   4.05619e-02
 2.34001e+00   3.16860e+00   3.01442e-02
 2.34407e+00   3.16870e+00   1.94710e-02
 2.34814e+00   3.16876e+00   1.03168e-02
 2.35236e+00   3.16879e+00   4.04967e-03
 2.35697e+00   3.16880e+00   2.27729e-03
 2.36158e+00   3.16882e+00   6.17713e-03
 2.36562e+00   3.16886e+00   1.36488e-02
 2.36965e+00   3.16893e+00   2.37117e-02
 2.37368e+00   3.16905e+00   3.47919e-02
 2.37771e+00   3.16921e+00   4.51462e-02
 2.38175e+00   3.16941e+00   5.31263e-02
 2.38578e+00   3.16964e+00   5.74341e-02
 2.38981e+00   3.16987e+00   5.73347e-02
 2.39405e+00   3.17010e+00   5.24530e-02
 2.39854e+00   3.17032e+00   4.28530e-02
 2.40303e+00   3.17049e+00   3.05636e-02
 2.40752e+00   3.17059e+00   1.80509e-02
 2.41201e+00   3.17065e+00   7.85002e-03
 2.41650e+00   3.17067e+00   2.03680e-03
 2.42076e+00   3.17068e+00   1.67500e-03
 2.42508e+00   3.17069e+00   6.52961e-03
 2.42939e+00   3.17074e+00   1.57795e-02
 2.43371e+00   3.17083e+00   2.77750e-02
 2.43802e+00   3.17098e+00   4.03690e-02
 2.44234e+00   3.17118e+00   5.12900e-02
 2.44665e+00   3.17142e+00   5.85376e-02
 2.45097e+00   3.17168e+00   6.07438e-02
 2.45529e+00   3.17193e+00   5.74382e-02
 2.45996e+00   3.17218e+00   4.82970e-02
 2.46402e+00   3.17236e+00   3.70922e-02
 2.46809e+00   3.17248e+00   2.47728e-02
 2.47215e+00   3.17256e+00   1.33844e-02
 2.47622e+00   3.17260e+00   4.82812e-03
 2.48077e+00   3.17261e+00   3.50283e-04
 2.48492e+00   3.17261e+00   1.73843e-03
 2.48907e+00   3.17263e+00   8.13903e-03
 2.49321e+00   3.17268e+00   1.85006e-02
 2.49736e+00   3.17278e+00   3.11129e-02
 2.50150e+00   3.17294e+00   4.38869e-02
 2.50565e+00   3.17314e+00   5.46893e-02
 2.50980e+00   3.17339e+00   6.16869e-02
 2.51394e+00   3.17365e+00   6.36547e-02
 2.51809e+00   3.17391e+00   6.01974e-02
 2.52270e+00   3.17417e+00   5.06679e-02
 2.52672e+00   3.17435e+00   3.89198e-02
 2.53074e+00   3.17448e+00   2.59404e-02
 2.53477e+00   3.17456e+00   1.38412e-02
 2.53879e+00   3.17459e+00   4.60090e-03
 2.54323e+00   3.17460e+00  -4.80589e-04
 2.54735e+00   3.17460e+00   4.69550e-04
 2.55148e+00   3.17461e+00   6.75726e-03
 2.55560e+00   3.17466e+00   1.73607e-02
 2.55973e+00   3.17476e+00   3.05482e-02
 2.56385e+00   3.17491e+00   4.41596e-02
 2.56797e+00   3.17512e+00   5.59494e-02
 2.57210e+00   3.17537e+00   6.39440e-02
 2.57622e+00   3.17564e+00   6.67674e-02
 2.58034e+00   3.17591e+00   6.38847e-02
 2.58476e+00   3.17617e+00   5.49573e-02
 2.58879e+00   3.17637e+00   4.29446e-02
 2.59282e+00   3.17652e+00   2.92128e-02
 2.59685e+00   3.17661e+00   1.59969e-02
 2.60088e+00   3.17665e+00   5.46098e-03
 2.60512e+00   3.17666e+00  -8.45652e-04
 2.60925e+00   3.17665e+00  -1.18565e-03
 2.61338e+00   3.17666e+00   4.28772e-03
 2.61752e+00   3.17669e+00   1.46833e-02
 2.62165e+00   3.17678e+00   2.82961e-02
 2.62578e+00   3.17693e+00   4.28885e-02
 2.62991e+00   3.17714e+00   5.60478e-02
 2.63405e+00   3.17739e+00   6.55713e-02
 2.63818e+00   3.17767e+00   6.98268e-02
 2.64231e+00   3.17796e+00   6.80370e-02
 2.64654e+00   3.17823e+00   6.02057e-02
 2.65054e+00   3.17845e+00   4.83758e-02
 2.65465e+00   3.17862e+00   3.37814e-02
 2.65875e+00   3.17873e+00   1.91342e-02
 2.66286e+00   3.17878e+00   6.92296e-03
 2.66697e+00   3.17879e+00  -7.71780e-04
 2.67118e+00   3.17878e+00  -2.60186e-03
 2.67543e+00   3.17878e+00   2.11883e-03
 2.67968e+00   3.17881e+00   1.26334e-02
 2.68394e+00   3.17889e+00   2.71158e-02
 2.68819e+00   3.17904e+00   4.30461e-02
 2.69245e+00   3.17925e+00   5.76384e-02
 2.69670e+00   3.17952e+00   6.83105e-02
 2.70095e+00   3.17983e+00   7.31305e-02
 2.70521e+00   3.18014e+00   7.11714e-02
 2.70946e+00   3.18042e+00   6.27070e-02
 2.71342e+00   3.18065e+00   5.02606e-02
 2.71747e+00   3.18082e+00   3.50050e-02
 2.72152e+00   3.18093e+00   1.96881e-02
 2.72557e+00   3.18098e+00   6.84102e-03
 2.72961e+00   3.18099e+00  -1.40787e-03
 2.73383e+00   3.18098e+00  -3.64578e-03
 2.73804e+00   3.18097e+00   9.95123e-04
 2.74226e+00   3.18100e+00   1.17327e-02
 2.74647e+00   3.18108e+00   2.67349e-02
 2.75069e+00   3.18122e+00   4.34377e-02
 2.75491e+00   3.18144e+00   5.89739e-02
 2.75912e+00   3.18172e+00   7.06473e-02
 2.76334e+00   3.18203e+00   7.63893e-02
 2.76755e+00   3.18235e+00   7.51284e-02
 2.77177e+00   3.18265e+00   6.70079e-02
 2.77574e+00   3.18289e+00   5.42843e-02
 2.77983e+00   3.18308e+00   3.81737e-02
 2.78392e+00   3.18321e+00   2.16752e-02
 2.78801e+00   3.18326e+00   7.56846e-03
 2.79210e+00   3.18327e+00  -1.76319e-03
 2.79637e+00   3.18326e+00  -4.71315e-03
 2.80064e+00   3.18324e+00  -1.84403e-04
 2.80435e+00   3.18326e+00   9.22712e-03
 2.80805e+00   3.18332e+00   2.24505e-02
 2.81176e+00   3.18343e+00   3.77350e-02
 2.81546e+00   3.18360e+00   5.30517e-02
 2.81917e+00   3.18382e+00   6.63538e-02
 2.82287e+00   3.18408e+00   7.58406e-02
 2.82658e+00   3.18437e+00   8.01974e-02
 2.83028e+00   3.18467e+00   7.87825e-02
 2.83427e+00   3.18497e+00   7.09855e-02
 2.83829e+00   3.18523e+00   5.76943e-02
 2.84241e+00   3.18544e+00   4.07072e-02
 2.84652e+00   3.18557e+00   2.31191e-02
 2.85063e+00   3.18563e+00   7.92357e-03
 2.85474e+00   3.18564e+00  -2.28586e-03
 2.85903e+00   3.18562e+00  -5.74998e-03
 2.86331e+00   3.18560e+00  -1.26101e-03
 2.86698e+00   3.18561e+00   8.34014e-03
 2.87064e+00   3.18567e+00   2.19695e-02
 2.87431e+00   3.18578e+00   3.78602e-02
 2.87797e+00   3.18594e+00   5.39475e-02
 2.88164e+00   3.18617e+00   6.81287e-02
 2.88530e+00   3.18644e+00   7.85274e-02
 2.88897e+00   3.18674e+00   8.37380e-02
 2.89263e+00   3.18705e+00   8.30190e-02
 2.89652e+00   3.18736e+00   7.58264e-02
 2.90069e+00   3.18765e+00   6.19331e-02
 2.90487e+00   3.18787e+00   4.39760e-02
 2.90849e+00   3.18800e+00   2.75061e-02
 2.91211e+00   3.18807e+00   1.24969e-02
 2.91579e+00   3.18809e+00   7.75626e-04
 2.91998e+00   3.18808e+00  -6.19125e-03
 2.92386e+00   3.18805e+00  -5.59038e-03
 2.92774e+00   3.18804e+00   1.75571e-03
 2.93162e+00   3.18807e+00   1.47838e-02
 2.93550e+00   3.18816e+00   3.16022e-02
 2.93938e+00   3.18832e+00   4.97668e-02
 2.94326e+00   3.18855e+00   6.66263e-02
 2.94714e+00   3.18883e+00   7.96956e-02
 2.95103e+00   3.18916e+00   8.70123e-02
 2.95491e+00   3.18950e+00   8.74331e-02
 2.95879e+00   3.18983e+00   8.08253e-02
 2.96341e+00   3.19017e+00   6.51406e-02
 2.96708e+00   3.19038e+00   4.86928e-02
 2.97074e+00   3.19052e+00   3.10689e-02
 2.97441e+00   3.19061e+00   1.46557e-02
 2.97807e+00   3.19064e+00   1.68412e-03
 2.98210e+00   3.19062e+00  -6.51884e-03
 2.98599e+00   3.19059e+00  -7.21543e-03
 2.98988e+00   3.19058e+00  -6.73750e-04
 2.99377e+00   3.19060e+00   1.21569e-02
 2.99766e+00   3.19068e+00   2.94048e-02
 3.00155e+00   3.19083e+00   4.85528e-02
 3.00544e+00   3.19105e+00   6.67969e-02
 3.00933e+00   3.19134e+00   8.14420e-02
 3.01322e+00   3.19168e+00   9.02885e-02
 3.01711e+00   3.19204e+00   9.19625e-02
 3.02100e+00   3.19239e+00   8.61407e-02
 3.02534e+00   3.19273e+00   7.18172e-02
 3.02904e+00   3.19297e+00   5.49991e-02
 3.03274e+00   3.19314e+00   3.63294e-02
 3.03643e+00   3.19324e+00   1.83766e-02
 3.04013e+00   3.19328e+00   3.62190e-03
 3.04400e+00   3.19327e+00  -6.17777e-03
 3.04792e+00   3.19324e+00  -8.75478e-03
 3.05191e+00   3.19321e+00  -3.34691e-03
 3.05590e+00   3.19322e+00   9.33616e-03
 3.05989e+00   3.19329e+00   2.73487e-02
 3.06388e+00   3.19344e+00   4.79264e-02
 3.06787e+00   3.19367e+00   6.79029e-02
 3.07186e+00   3.19398e+00   8.41794e-02
 3.07585e+00   3.19434e+00   9.41908e-02
 3.07984e+00   3.19472e+00   9.63081e-02
 3.08383e+00   3.19509e+00   9.01170e-02
 3.08815e+00   3.19545e+00   7.51552e-02
 3.09181e+00   3.19570e+00   5.76427e-02
 3.09547e+00   3.19587e+00   3.81735e-02
 3.09914e+00   3.19598e+00   1.93769e-02
 3.10280e+00   3.19602e+00   3.80341e-03
 3.10661e+00   3.19601e+00  -6.70246e-03
 3.11056e+00   3.19598e+00  -9.87611e-03
 3.11455e+00   3.19594e+00  -4.57651e-03
 3.11807e+00   3.19595e+00   6.54908e-03
 3.12158e+00   3.19600e+00   2.23606e-02
 3.12510e+00   3.19611e+00   4.09701e-02
 3.12861e+00   3.19628e+00   6.01528e-02
 3.13213e+00   3.19653e+00   7.76042e-02
 3.13564e+00   3.19682e+00   9.12070e-02
 3.13916e+00   3.19716e+00   9.92814e-02
 3.14159e+00   3.19741e+00   1.01059e-01
